0, -0.1117369980060003
0.1, -0.2513696340802245
0.2, 0.09345467898342659
0.3, 0.5975329872821652
0.4, 0.46846717213124367
0.5, 0.20985423745868245
0.6, 0.18954702636383353
0.7, 0.7713987041108797
0.8, 0.1576662793206461
0.9, -0.8475635492159285
1, -0.42845493713007593
1.1, 0.22196804912888748
1.2, 0.12860965483381692
1.3, 0.12236239521117594
1.4, 0.7397454202091981
1.5, 0.27389775710776537
1.6, -0.09460065628898445
1.7, -0.03901873003040074
1.8, -0.01585327304598949
1.9, -0.13822783372029512
2, 0.3094415263257295
2.1, 0.45677822166529597
2.2, -0.425319628455124
2.3, 0.7566818812081637
2.4, -0.6575608634080679
2.5, 0.7523087597882336
2.6, 0.1520392764456081
2.7, 0.8201387853806972
2.8, 0.3456584687676425
2.9, -0.22928384680347924
3, -0.24886543567155006
3.1, 0.040872401918105365
3.2, 0.09848451259566793
3.3, -0.796586994255979
3.4, -0.6548618547774901
3.5, -0.7976581639537147
3.6, 0.7676854775111569
3.7, 0.6167870193282596
3.8, 0.2345968146051868
3.9, 0.32431755246802807
4, -0.550857126587233
4.1, 0.06463607948495133
4.2, -0.5096506733874865
4.3, 0.5712844285546655
4.4, 0.006063049917247
4.5, 0.1488138115822207
4.6, -0.34738450098558177
4.7, 0.16211176195222157
4.8, 0.23203489094680285
4.9, -0.43413185614121846
5, -0.1849557671259352
5.1, 0.5416289745514407
5.2, 0.4798629833143617
5.3, -0.3883243527041582
5.4, 0.5546461919453086
5.5, -0.08534179122712568
5.6, -0.12083011925949673
5.7, -0.16010366509318466
5.8, -0.33443687964343544
5.9, -0.1331418560649663
6, 0.24292455607614327
6.1, 0.09146937029576382
6.2, -0.1606545526521671
6.3, -0.1325516651405814
6.4, -0.28928267775591465
6.5, -0.5843927000424921
6.6, -0.08867735999845484
6.7, -0.4706851375489222
6.8, 0.13851057287655585
6.9, 0.4028009937803132
7, -0.3766236413203166
7.1, -0.6910411151761195
7.2, 0.2116029217721761
7.3, -0.3563723294541085
7.4, -0.9265296537607256
7.5, 0.48540138069315425
7.6, 0.6991864174938489
7.7, 0.604183499996619
7.8, -0.7428554452378486
7.9, 0.14613527558393588
8, -0.40959494774238403
8.1, -0.3619196849612638
8.2, -0.1980188087134753
8.3, -0.32857187014010353
8.4, 0.09118422129422235
8.5, 0.09315993898218859
8.6, -0.4621236693557074
8.7, 0.2945095209241967
8.8, -0.14958389804163857
8.9, -0.005317229297293836
9, 0.16744304928425813
9.1, 0.39702492162149633
9.2, -0.3201632596779833
9.3, -0.2252138733037425
9.4, -0.10929468000777687
9.5, -0.13884252802743913
9.6, -0.6550727909575697
9.7, -0.0819674942895024
9.8, 0.2265481844502127
9.9, -0.819906426741481
10, 0.366706927376802
10.1, -0.2529102097030527
10.2, -0.4895414251425296
10.3, 0.6173680056117644
10.4, 0.24081481686389142
10.5, -0.2519409393230496
10.6, 0.11547552835896366
10.7, -0.6758889185766283
10.8, -0.14000673566753435
10.9, 0.1888692649687695
11, -0.49907505438818367
11.1, -0.28659815484454776
11.2, 0.36125747078483267
11.3, 0.4760799191930293
11.4, -0.4892317179969814
11.5, -0.8331326577556561
11.6, -1.1000168683031355
11.7, -0.2798020066730402
11.8, 0.27918595368230253
11.9, -0.5419860070214673
12, -0.502347927392437
12.1, 0.374889180932522
12.2, 0.320928152442675
12.3, 0.16251166794351124
12.4, -0.26489607810268256
12.5, -0.3136330571016785
12.6, 0.32686297533049696
12.7, 0.09681347017518407
12.8, -0.13381468779123742
12.9, 0.8040949060318462
13, 0.39776680883859766
13.1, -0.079451177972404
13.2, -0.34684815161086535
13.3, 0.08290448027583168
13.4, -0.7674673113511256
13.5, 0.17691773608905945
13.6, 0.10144412375015521
13.7, -0.04046856671547141
13.8, -0.20689962632679557
13.9, 0.0927996311990471
14, -0.19247512832635186
14.1, -0.308503867541759
14.2, -0.449710063807743
14.3, 0.5196262704820358
14.4, -0.7137248504289446
14.5, 0.009270594426899785
14.6, -0.9346580421465763
14.7, -0.11213181986782811
14.8, 0.27770496138018386
14.9, -0.8383808404137633
15, -0.04134189167064207
15.1, -0.5106691780991539
15.2, 0.18771090052563355
15.3, -1.03874905445262
15.4, -0.8356789840827898
15.5, -0.07477606054623748
15.6, -0.4386785722090996
15.7, -0.9806710849185377
15.8, 0.23469351448828635
15.9, -0.14120331834501212
16, -0.3965018926521299
16.1, -0.011458220620328386
16.2, -0.2838263169432637
16.3, -0.7781589675544736
16.4, 0.005083899296358606
16.5, 0.6660474279206924
16.6, 0.080501727015392
16.7, -0.4095272224247228
16.8, -0.33685460769025666
16.9, -0.16031603372987985
17, -0.3594279793067658
17.1, -0.3256221938851583
17.2, -1.2146398141534704
17.3, -0.029913462683246732
17.4, -0.24263203717380974
17.5, -0.5728602259985434
17.6, -0.776713466951671
17.7, 0.03407071628996982
17.8, -0.4878028506395108
17.9, 0.08693118307080332
18, -0.3582695247754667
18.1, -0.6108544879178369
18.2, -0.5026236303298827
18.3, 0.026093478161192035
18.4, -0.10486520449892173
18.5, -0.5487700136372115
18.6, -0.009167024108690289
18.7, 0.10462060633889626
18.8, -0.1359864875216689
18.9, -0.13439164158609823
19, -0.2712647630574191
19.1, 0.5246677729153881
19.2, -0.006486854127022303
19.3, -0.8086218161971718
19.4, -0.4035732612554209
19.5, -0.6053486851925391
19.6, -0.06676914631150156
19.7, -0.6975368334504622
19.8, -0.5525596704614576
19.9, -0.4654081217085097
20, 0.8770090543569828
20.1, 0.3938426389692019
20.2, -0.334287384414467
20.3, -0.7063694313370485
20.4, -0.6329017550340318
20.5, -0.9462140316364833
20.6, 0.18159227966387412
20.7, -0.03710202708273412
20.8, -0.29803846868594547
20.9, -0.37552022615455327
21, -0.465298666739368
21.1, -0.07852364652918702
21.2, -0.3990056090383121
21.3, 0.49010920086309734
21.4, 0.167228912063739
21.5, -0.24002577332888378
21.6, -0.5870914088945801
21.7, -0.27109929539536104
21.8, -0.36760075703953987
21.9, -0.18157022154109426
22, -0.7805941326651664
22.1, -0.9150593832526888
22.2, -0.28482250194989744
22.3, -0.4626971185826589
22.4, -0.5182199606152444
22.5, -1.0866608305066288
22.6, -0.9915820632315554
22.7, -0.4792186622113541
22.8, -0.7649303170370737
22.9, -0.5700065642724357
23, -0.40339450975498525
23.1, -0.2385327936604483
23.2, -0.49624265832958603
23.3, -1.071572581807065
23.4, -1.1739684068844325
23.5, 0.056632555091096735
23.6, -0.7553372554267053
23.7, 0.019527199471991774
23.8, -0.31155478174920265
23.9, 0.15293690944015076
24, -0.16734234786836824
24.1, -0.8216573237871926
24.2, -0.14768203410547048
24.3, 0.45917489130299116
24.4, 0.144391083223568
24.5, -1.0971346247032634
24.6, -0.09179410363275695
24.7, 0.013130689202537718
24.8, -0.03891145827443435
24.9, -0.9585350701181453
25, -0.2711546551781802
25.1, -0.16995058578636685
25.2, -0.10917605997819971
25.3, -0.26925068238593436
25.4, -0.507269492268014
25.5, -0.21669910435320117
25.6, -0.47555340226340514
25.7, 0.19855391336840317
25.8, -0.9492015341889042
25.9, -0.6352849749655837
26, -0.5360033652481169
26.1, -0.14891096857682962
26.2, -0.6985695084327104
26.3, 0.22767650040325416
26.4, -0.905139969427861
26.5, -0.8153269129095693
26.6, 0.12494068573556914
26.7, -1.238354828695134
26.8, -0.17938451633185756
26.9, -0.714874871991284
27, -1.1897578839428566
27.1, -0.7588869558342568
27.2, -0.5106850628006381
27.3, -0.2588817847687461
27.4, -0.1683600246533938
27.5, -0.9348159438537296
27.6, -0.7268756739344834
27.7, -0.4646458490277166
27.8, -0.8052992504507521
27.9, -0.7740822970084472
28, -0.30931456588373946
28.1, -0.21767229960051754
28.2, -0.014989691818495934
28.3, -0.09180127741195691
28.4, 0.27120488677359733
28.5, -1.0873635452812282
28.6, -0.3454537075033208
28.7, -0.7996299699243694
28.8, -0.9121542323724375
28.9, -0.31716252293345165
29, 0.46968662993506777
29.1, -0.342418294402469
29.2, -0.5791958287879443
29.3, -0.644578067300153
29.4, -0.3221555166769126
29.5, -0.3062223845029253
29.6, 0.0930544901135173
29.7, -1.242146560510693
29.8, 0.12557678965490962
29.9, 0.3866267553640927
30, -0.7746248287284409
30.1, -0.42143253854234286
30.2, -0.04154081877182434
30.3, 0.027829698202572875
30.4, -1.0097289913758325
30.5, -0.6308504116369769
30.6, -0.4151346295483551
30.7, -0.31025593645341465
30.8, -0.587850588365761
30.9, -0.8484972607525338
31, 0.4517443844149288
31.1, -1.4828102257457523
31.2, -0.7150909359736444
31.3, 0.25295550123911303
31.4, -0.1473697219969326
31.5, -0.6956708780253751
31.6, -0.32010928567562086
31.7, -0.004450048023282747
31.8, -0.4024906493540138
31.9, -0.1383310496627986
32, -0.32039377112482553
32.1, 0.15445030774774038
32.2, -0.9729982468319265
32.3, 0.23898177755603994
32.4, -0.21780078041327966
32.5, -0.5034085297448649
32.6, -0.029697020583071165
32.7, -0.6311855763247274
32.8, -0.024546508242780273
32.9, -0.8390785537964666
33, -1.0216421604205979
33.1, 0.049925665329267434
33.2, -0.7880024893347105
33.3, -0.39952095230478957
33.4, -0.3907453452714511
33.5, -0.5968660056081395
33.6, -0.41065310191762444
33.7, -0.4392409890038178
33.8, -0.47888879021530606
33.9, -0.6202085506294757
34, 0.16248193710239178
34.1, -0.5796449799678087
34.2, -0.1280376351618028
34.3, -0.22108172728673553
34.4, -0.5450378169614747
34.5, -0.4471391450484805
34.6, -0.7958316584576686
34.7, -0.011754605122290375
34.8, -0.39977562101661945
34.9, 0.00988174685453518
35, -0.13925467237685615
35.1, -1.1822686200147483
35.2, -1.0536826418969818
35.3, -0.9368916464209796
35.4, -0.09879119043077508
35.5, -0.2100630069266359
35.6, -0.39984365601434146
35.7, -0.1289144909056643
35.8, -0.45898807740346365
35.9, 0.2516835126098071
36, -0.8301807691912286
36.1, -0.07661424024716992
36.2, -0.8961260711259943
36.3, -0.6038505857454342
36.4, -0.1723100734526384
36.5, -0.4198521510442139
36.6, 0.083951908424676
36.7, -0.6045993439982073
36.8, -0.1457458243726159
36.9, -0.061468803427872344
37, -0.4357801131081239
37.1, -1.0175282319481587
37.2, -0.4865195401863096
37.3, -0.1605047491777658
37.4, 0.0802290939922542
37.5, -0.26749151936694626
37.6, -0.9490046885087152
37.7, -0.4723323563959953
37.8, -0.019714324027542543
37.9, -0.6546294996648894
38, -0.5622686337161
38.1, -0.7557628957594938
38.2, 0.06006669282043882
38.3, -0.6034034909345807
38.4, -0.8483537350242485
38.5, -0.9547139624436017
38.6, -0.5022614336187494
38.7, -0.7956792500751657
38.8, -1.022978746131288
38.9, 0.1822232058730305
39, -0.1976436641421194
39.1, -1.1730317760073745
39.2, 0.8532888022212318
39.3, -0.7227330089904174
39.4, -0.4794507051154324
39.5, -0.9221224194958137
39.6, -0.8846763202472874
39.7, 0.03000203174349481
39.8, 0.29707538680245804
39.9, -0.25072801082044716
40, -0.5187997713194347
40.1, -0.014244902863586071
40.2, -0.3264332700701105
40.3, -0.6296384073685583
40.4, 0.23874062512215485
40.5, -0.40192480123761903
40.6, -0.10984494720471497
40.7, -0.20683419836373318
40.8, -0.2972072287754369
40.9, -0.9634945242100604
41, 0.2605011813784884
41.1, -0.27038366591129315
41.2, -0.6390984870060091
41.3, -0.40184613786553647
41.4, -0.216777607780624
41.5, -0.692644410612658
41.6, -0.5752597192962964
41.7, -0.36407890723995445
41.8, -0.6191957172915575
41.9, -0.6376611919579291
42, -0.19070639625224442
42.1, -0.5860741575902689
42.2, -0.42195720321258673
42.3, -0.8402165204259533
42.4, -0.27280463535533717
42.5, -0.04238096933167263
42.6, -0.5451695556532813
42.7, -0.8071623504091093
42.8, -0.3099988423245319
42.9, -0.33967418464237975
43, -0.31383108776206187
43.1, -0.4998825199910503
43.2, -1.2015352873307392
43.3, -0.6324947157337096
43.4, 0.11498961124114082
43.5, -0.2640965513758671
43.6, -1.1916248927038358
43.7, -0.9899907728466575
43.8, 0.3972902227544002
43.9, -0.06792048331243165
44, 0.11673522409616144
44.1, -0.05014448824057032
44.2, 0.4361957171097837
44.3, 0.6689661764414143
44.4, -1.0799293563599563
44.5, -0.6563394038412886
44.6, -0.8558754304846804
44.7, -0.9040969374122491
44.8, -0.3984925539992019
44.9, -0.3042263106739136
45, -0.4720297332915808
45.1, -0.26995615997528394
45.2, -0.5734530895177274
45.3, -0.6999390735910148
45.4, -0.8625716020735088
45.5, -1.3511301232020665
45.6, -1.3015767079415694
45.7, -0.42807423360736885
45.8, -0.36223491081103876
45.9, -0.47666816814543284
46, -0.784265377913301
46.1, -0.24140082144917102
46.2, 0.2384944539367174
46.3, -0.40031918095060964
46.4, -0.4679221258193357
46.5, 0.15167580732850233
46.6, -0.07025958969959598
46.7, 0.22237723956865607
46.8, 0.039604522155221325
46.9, -0.4999729733729253
47, -0.43313617461500775
47.1, -0.5663135422256
47.2, -0.7898283116832885
47.3, -0.28753523475780324
47.4, -0.02348816678993214
47.5, -0.7305542858028475
47.6, -0.8766506942239877
47.7, -0.8278504263602879
47.8, -0.5832131835272858
47.9, 0.1587623139368315
48, -0.8057559838729832
48.1, -0.30464107575730537
48.2, -0.007779578900463358
48.3, -0.2960619116289038
48.4, -0.5133696211434563
48.5, -0.9763661100066057
48.6, -0.5549371280971099
48.7, -0.9776317647466121
48.8, -2.8625145545554606E-4
48.9, -0.07832708438904734
49, -0.27074174310453236
49.1, -0.4921096457180198
49.2, 0.004873555741270258
49.3, -0.521231846725276
49.4, -0.39008382774734424
49.5, -0.18523816188593395
49.6, -0.21024354579113255
49.7, -0.5660670706108382
49.8, -0.727877724993415
49.9, -0.4352728556622416
50, -0.4498209607455964
50.1, -0.36793616669980794
50.2, -0.7006169378262294
50.3, -1.397534266637635
50.4, -0.1755626719426309
50.5, -0.5171414521710158
50.6, 0.27698287697346524
50.7, -0.0019819893489512984
50.8, -0.6013593632210099
50.9, 0.028720125065454658
51, 0.45309110871122066
51.1, 0.7423831839560731
51.2, -0.7467477288059242
51.3, -0.1800146844357957
51.4, 0.2777362064272629
51.5, -0.4563319017329692
51.6, -0.38340801745206754
51.7, -0.42007221070532097
51.8, -0.8453355172894114
51.9, -0.15109183949672267
52, -1.1410357461512353
52.1, -0.07104970176608931
52.2, -0.6347702629766404
52.3, -1.0238549677631748
52.4, -0.4640645757866945
52.5, -0.31473608797210406
52.6, -0.6627512299789751
52.7, -0.910746950982719
52.8, 0.5220918217012592
52.9, -0.8598846057386188
53, -1.3192685274251477
53.1, -0.4424175775738513
53.2, -0.7173851488112281
53.3, -0.20322973798170466
53.4, -0.4432316469270299
53.5, -0.3647697625369519
53.6, -0.8318859825135747
53.7, -0.7761112068142472
53.8, 0.11317349166978835
53.9, -0.7338298056955067
54, -0.12830987135133212
54.1, 0.2362797315790843
54.2, 0.13346954915115908
54.3, 0.2588853538160698
54.4, -0.2609736220161092
54.5, 0.2601171415632558
54.6, -0.3881305808423875
54.7, -0.10939654915423658
54.8, -0.14004666580014058
54.9, -1.169179377326932
55, 0.19193307277300037
55.1, -1.1186572878790177
55.2, -0.7735197959653226
55.3, -0.3337377985293333
55.4, 0.027281674020259876
55.5, -0.7702779764919564
55.6, -0.3022108022757113
55.7, -1.102621454019201
55.8, -0.060500454591003255
55.9, 0.21245863917387608
56, -0.7980188127558568
56.1, 0.014744252882201056
56.2, -0.2038331546564678
56.3, -0.8278618815453902
56.4, -0.5099345199236193
56.5, -0.8139719453772782
56.6, -0.6320556076159058
56.7, -0.05035336492226919
56.8, -0.4723830448492651
56.9, -1.4162858201130666
57, 0.12766754132007752
57.1, -0.8045209155090054
57.2, -0.2926386248541808
57.3, -0.737316351265567
57.4, -1.0077117146084804
57.5, -0.6840920802574225
57.6, -0.07274891051527492
57.7, -1.1961294203567663
57.8, 0.1460355699135308
57.9, 0.0524200146312025
58, -0.3035925530079555
58.1, -0.8251287301964724
58.2, -0.043092912908413404
58.3, 0.02739738344816911
58.4, 0.1920222305199706
58.5, -0.4320996570388099
58.6, -0.06211162977079634
58.7, -0.3051704472126601
58.8, -0.6005135493627438
58.9, 0.09135241405435249
59, -0.5860640688934171
59.1, -0.7605170208132719
59.2, -0.5771151314464549
59.3, -0.7426529043888325
59.4, 0.40353313084826997
59.5, -0.9047762014701248
59.6, -0.6300780785908595
59.7, -0.5693094789963062
59.8, -0.27707928832134426
59.9, -0.7559563543245436
60, -0.5278136182525934
60.1, -0.6551402926166847
60.2, -0.23520823649512318
60.3, 0.5211898612549346
60.4, -1.5777216755508305
60.5, -0.013958578779294937
60.6, -0.7594107309071394
60.7, 0.036410497898306006
60.8, -0.20638194190983633
60.9, 0.35178957810007533
61, -0.2896150570692145
61.1, -0.47125935391024376
61.2, -0.5952286175407052
61.3, -0.32481807206760627
61.4, -0.011192042375760219
61.5, -0.7163109547889553
61.6, -0.8155859843174005
61.7, -0.14170443092531027
61.8, -0.713487394555098
61.9, -1.0895937957131252
62, -0.6592920734327312
62.1, -0.7108504840042296
62.2, 0.2719651311445991
62.3, -0.7513164915293298
62.4, -0.11347268274210755
62.5, -0.8237539605512186
62.6, -0.442240726260966
62.7, -0.10758419449119806
62.8, -0.15408564264619154
62.9, -0.1602265300094715
63, 0.5105864519281418
63.1, 0.14487247128951858
63.2, -0.6906819914703084
63.3, -1.11447296120305
63.4, -0.5010523178120528
63.5, -0.15882170241163965
63.6, -0.6524159202880766
63.7, -0.8082235009142332
63.8, 0.5796167120393362
63.9, -1.1876464552827584
64, 0.24347979022317084
64.1, -0.897990727155066
64.2, -0.8182051050863242
64.3, -0.24356908173145053
64.4, -0.019304126062463435
64.5, -0.5547905343786619
64.6, 0.23651428274260883
64.7, 0.0672147539518033
64.8, -0.7219452155537288
64.9, -0.4152787601615147
65, -0.07846217452392637
65.1, 0.2506705093024895
65.2, -0.3972445033619173
65.3, 0.2648554212158407
65.4, -0.6196032925522645
65.5, -0.6185448511686588
65.6, -0.1882109678406147
65.7, -0.5397698491031658
65.8, -0.735739533630405
65.9, 0.1976513178569127
66, -0.6131889341692714
66.1, -0.5671054412893226
66.2, -0.49818653992720174
66.3, -0.14392889513333434
66.4, -0.6308949679929413
66.5, -0.5569369628280826
66.6, 0.09853024873274575
66.7, -0.5780635967979436
66.8, 0.08937432066516375
66.9, 0.04719359250165799
67, -0.3263236978878995
67.1, 0.2501470537400119
67.2, -0.4622874406924456
67.3, -0.0047657378894997125
67.4, -0.2361938649460368
67.5, -0.42202309301349744
67.6, -0.5401618293252335
67.7, -0.5561507977588184
67.8, -0.6609090407532816
67.9, 0.12803467191032872
68, 0.2469347701579087
68.1, -0.1646773715568069
68.2, -0.125335161086393
68.3, -0.2953517972893918
68.4, -0.6215070442879915
68.5, 0.2746565051286493
68.6, -0.29958959955664266
68.7, -0.6644162860359847
68.8, -0.3271822143820231
68.9, -0.9453499232893594
69, -0.48460056174111465
69.1, -0.051796146902580456
69.2, -0.6931432883068429
69.3, -0.8801304021515599
69.4, -0.012251302474539247
69.5, -0.562824685246584
69.6, -0.36265010363735045
69.7, 0.06948422592038653
69.8, -0.0959459147060801
69.9, -0.05478352088394987
70, -0.8991451002886723
70.1, 0.15494737048283055
70.2, -0.2956834694678469
70.3, 0.01698438588355241
70.4, -1.1788315195209362
70.5, -1.0700773464073858
70.6, -0.975077256473884
70.7, -0.2347329972255833
70.8, -0.6253347677581435
70.9, -0.3956205919957574
71, -0.6010885896344682
71.1, -0.1803798552628551
71.2, -1.3264266501365307
71.3, -0.47655248443322806
71.4, 0.20386395399934004
71.5, -0.5034161291372506
71.6, -0.9489943454056825
71.7, -0.09889926865336608
71.8, -0.6733048616274026
71.9, -0.05932655095596714
72, -0.042206317764127345
72.1, 0.12559655980057893
72.2, -0.33887458821849964
72.3, -0.2844984298478137
72.4, -0.3923708937283362
72.5, -0.07144837145516429
72.6, -1.0993614214040146
72.7, -0.69551745966069
72.8, -0.7154669882719271
72.9, -0.5824473609126289
73, 0.6068713033691528
73.1, -0.9124070394428802
73.2, -0.580077544163118
73.3, -0.17153848348961007
73.4, 0.011781083647013916
73.5, -0.2000463810463208
73.6, -0.34081451392024154
73.7, -0.2610208861295058
73.8, -0.0509369979391595
73.9, -0.8756652267174005
74, -0.021092133860089818
74.1, -0.9064922487062564
74.2, -0.3799079870929762
74.3, -0.3652290921028515
74.4, -0.019859711676982583
74.5, -0.5367505969999864
74.6, -0.3182453978549782
74.7, -1.2887406911125443
74.8, -0.470215991431218
74.9, -0.4217527199538402
75, -0.2689056147095647
75.1, 0.35332546391243647
75.2, -1.0382279501083427
75.3, -0.24060216597881254
75.4, -0.14106956804078655
75.5, 0.1429325061210662
75.6, -0.40777892344561095
75.7, -0.4700964901217996
75.8, -0.8332879714213938
75.9, -0.2198973949323196
76, -0.17089546429228006
76.1, 0.2713113506745128
76.2, -0.22758610510701915
76.3, 0.4353470484716065
76.4, -0.8889519208115725
76.5, -0.2511647236523834
76.6, -0.6009907710998917
76.7, -0.08235113086562187
76.8, 0.2835653355084006
76.9, -0.2214734564777042
77, -0.635765338084014
77.1, -0.2517243603713092
77.2, -0.40192735736639684
77.3, 0.3802557987432498
77.4, 0.6946336536670417
77.5, -0.13934253807946223
77.6, -0.8257010176693074
77.7, -1.0012983187177409
77.8, -0.44715904604603
77.9, -0.1197108062343584
78, -0.4400383303259434
78.1, -0.12457612792580057
78.2, -0.36467909686824623
78.3, -0.6902248660961237
78.4, -0.06909153887744489
78.5, -0.39329517549695664
78.6, 0.4289505956032215
78.7, -0.09162326636409132
78.8, -0.15484969233259416
78.9, -0.13532700281755322
79, -0.1682093281131769
79.1, -0.5692679367131168
79.2, 0.5431252496894062
79.3, -0.6822252200459697
79.4, -0.2785500120030921
79.5, -0.1458257728237389
79.6, -0.7792251473218744
79.7, -0.30985347474502856
79.8, -0.584919920947307
79.9, -0.12878096007891648
80, -0.48813374086353734
80.1, -0.05544522078738019
80.2, -0.08756374701602715
80.3, -0.30110672191114013
80.4, -0.1132254041207072
80.5, -0.49153913539556077
80.6, -0.9755135248443373
80.7, 0.010879131070752446
80.8, -0.7759517441348122
80.9, -0.37492127306914086
81, 0.3228123967608757
81.1, 0.2214994743523473
81.2, -0.38803650082111835
81.3, -0.2307373396301534
81.4, 0.1275080365292448
81.5, -0.5475109379189973
81.6, -1.0622758900234663
81.7, 0.5977188090614439
81.8, 0.1789834183906313
81.9, -0.4064525970576421
82, -1.5011375044088524
82.1, 0.2650784010325759
82.2, -0.9054052436797049
82.3, -0.7839437588232011
82.4, 0.38114527688969074
82.5, -0.7738681514029265
82.6, -0.48982133200921313
82.7, 0.22555470933031366
82.8, -0.1917591580904068
82.9, -0.5459906241957571
83, -0.8064411875760541
83.1, -0.13099928411842934
83.2, -0.42184856726633685
83.3, -0.7527010705882234
83.4, -0.5765951927770337
83.5, -0.7169744997117781
83.6, -0.2209351126552662
83.7, -0.6275951127064934
83.8, 0.06921972963869089
83.9, 0.16792400865439577
84, -1.0879158992548352
84.1, 0.1709285183487014
84.2, 0.3093679553197215
84.3, -1.0194329316294046
84.4, -0.8295705750170441
84.5, -0.1094553236649325
84.6, -0.39442578939429446
84.7, -0.14189346095764355
84.8, -0.7172567698643783
84.9, -0.4282608238899499
85, 0.0988390101842484
85.1, -0.32154647717694435
85.2, 0.13277856538795446
85.3, 0.12588712912688113
85.4, 0.7750049376059547
85.5, -0.5436268771672779
85.6, 0.0158956525749105
85.7, -0.9120283499699299
85.8, -0.26351491654554166
85.9, -0.759198521767431
86, 0.003482480000237546
86.1, -0.36167377874037576
86.2, 0.006062729018846202
86.3, 0.11209840733229115
86.4, -0.8085394905609927
86.5, 0.020768112821388404
86.6, -0.8424651440081348
86.7, 0.7931643261976572
86.8, -0.3300410576257597
86.9, -0.022165153404081428
87, 0.15599445955890417
87.1, -0.7896155160098879
87.2, -0.9541327175324704
87.3, 0.0880217973168965
87.4, -0.3786503001458916
87.5, -0.7689594007778711
87.6, -0.22396236685794488
87.7, -0.07183103148458853
87.8, -0.5859482531394281
87.9, -0.6726730349109301
88, 0.043502157100602824
88.1, 0.21537262085274875
88.2, -0.14407728972911896
88.3, 0.1723865341724338
88.4, -1.1514131482663665
88.5, 0.285474603554347
88.6, -0.0875508475365958
88.7, -0.12760403476796361
88.8, -0.0012823853753968686
88.9, -0.5919189802092966
89, 0.3319276420094519
89.1, -0.5348354372712361
89.2, 0.013894740211423518
89.3, -0.24123471897637744
89.4, -0.571226732875544
89.5, 0.47676489663514804
89.6, -0.06406768052141082
89.7, -0.20316654500591533
89.8, -0.18913938682932657
89.9, 0.041811655190488344
90, 0.4722772393627268
90.1, 0.01931244486579953
90.2, 0.04731309701355345
90.3, -0.669593797068943
90.4, -0.1617593108932924
90.5, -0.087348241127788
90.6, 0.63330555719638
90.7, -0.5751483278707256
90.8, -0.006112216160770545
90.9, 0.1233506560892448
91, -0.523290317859412
91.1, 0.6077874087259816
91.2, -0.01665274947813526
91.3, -0.42514837973372027
91.4, -0.49945258046461416
91.5, -0.530500631176223
91.6, -0.3091241843481079
91.7, -0.18327728521759604
91.8, -0.33542365463167156
91.9, -0.6517602267624013
92, -0.29551025680627474
92.1, 0.11389718901446227
92.2, -0.4458720553750194
92.3, -0.10747895604886426
92.4, -0.14554613094067598
92.5, -0.7977755783689767
92.6, 0.3106717412129149
92.7, -0.4442628102895599
92.8, 0.35530549833207675
92.9, -0.35986692617873495
93, -0.2488837118044588
93.1, -0.32243920329496256
93.2, 0.008590890193896231
93.3, -1.255961773265248
93.4, -0.039074763233622696
93.5, 0.005298421527894465
93.6, -0.45086448599735046
93.7, -0.5934406326284044
93.8, -0.3230476697644353
93.9, -0.4953228276364327
94, -0.07007418650961197
94.1, -0.15302338352666608
94.2, 0.20030715458848525
94.3, -0.2562368340816574
94.4, -0.37691912788796184
94.5, 0.23613926310110647
94.6, -0.25896210955233734
94.7, -0.41117632436751095
94.8, -0.4109065601826307
94.9, -0.2847139680401501
95, -0.23476350413716948
95.1, -0.08927611841634367
95.2, -0.7589019598462327
95.3, -0.31223532660525055
95.4, -0.1099623917291719
95.5, -0.9118035947430114
95.6, -0.5838501381717723
95.7, -0.08711693534720417
95.8, 0.28329269381358524
95.9, -0.492824783949544
96, 0.2612288533152992
96.1, -0.15362742860194845
96.2, -1.0049122099377537
96.3, -0.5639659533340239
96.4, -0.1557644923863275
96.5, 0.3716476643946053
96.6, -0.26421771987204684
96.7, -0.347937564365129
96.8, -0.9830608891352378
96.9, 0.3886913963355567
97, -0.30301931436790797
97.1, 0.04219238743478667
97.2, -0.2215074651704079
97.3, -0.025317085709091438
97.4, -0.9613188674715474
97.5, -0.7622033359668918
97.6, 0.29921133188011223
97.7, -0.32270841682144896
97.8, -0.9645687019064533
97.9, -0.41481508907413434
98, -0.042692439037555735
98.1, -0.279355914410413
98.2, -0.06281004876620336
98.3, -0.11074929011851709
98.4, 0.14051496530818933
98.5, -0.4932997228761967
98.6, -0.4554889298199902
98.7, 0.02410881510255033
98.8, -0.16988219239930094
98.9, -0.09204939362604836
99, 0.5058948853549976
99.1, -0.8874562751367984
99.2, -0.2721836890028925
99.3, -0.56368787031358
99.4, 0.28245775861195704
99.5, 0.41740654808527494
99.6, -0.0791416346209552
99.7, 0.5616900298316276
99.8, -1.7049132632094572
99.9, 0.39041715869032395
100, -0.6114395188656451
100.1, 0.014564876289386275
100.2, 0.10876316233501916
100.3, 0.46033846086838137
100.4, 0.3509947232559808
100.5, 0.5700555481113176
100.6, 0.6647983183600426
100.7, 0.8213302374263202
100.8, 0.011000434335194473
100.9, 0.5830665059900862
101, 0.7952815641963267
101.1, 1.151307836433647
101.2, 1.4565325105183735
101.3, 1.4247063617073428
101.4, 0.44320283156059004
101.5, 1.6657156678705591
101.6, 0.7009055858801091
101.7, 0.4782366219636048
101.8, 0.7578590933301143
101.9, 1.3986025942269886
102, 1.161234171898002
102.1, 1.5898923602268098
102.2, 1.7589217643742892
102.3, 0.8574939582876542
102.4, 1.161174467674645
102.5, 1.740017075435338
102.6, 1.2711423916925122
102.7, 1.4385234436684637
102.8, 1.1369091182036202
102.9, 1.5746638145546554
103, 1.1091667519592765
103.1, 1.6597163175336982
103.2, 1.3265317796791647
103.3, 0.9751839176051113
103.4, 1.022248260747307
103.5, 0.6458181397297466
103.6, 0.2792119439208773
103.7, 0.6084556342647477
103.8, 1.7426628994973659
103.9, 1.0893280912456387
104, 1.0890821095245096
104.1, 0.5129646968726561
104.2, 1.0546878248094822
104.3, 0.12604791805426152
104.4, 0.6970672753354433
104.5, 0.9137747807341017
104.6, 0.3225313070234241
104.7, 0.2294955956140165
104.8, 0.7519328292070819
104.9, 1.1428917109054686
105, 1.4032642517409866
105.1, 0.9351069647080845
105.2, 0.4372187534153393
105.3, 1.2059145528081028
105.4, 0.908931746784119
105.5, 1.133848679435927
105.6, 0.7706129858436779
105.7, 1.1465267156236538
105.8, 1.1389080805891534
105.9, 1.7856952620117041
106, 1.79544776724115
106.1, 2.07028834681801
106.2, 1.7357974408557777
106.3, 1.5617716122917658
106.4, 1.7026289538048567
106.5, 2.218270731343126
106.6, 2.9531445255787614
106.7, 2.4948168867425995
106.8, 2.664529867636284
106.9, 3.2706259993671045
107, 2.8425561699102206
107.1, 3.458858516876845
107.2, 3.3474302879372
107.3, 3.9055904036652236
107.4, 4.188126370346165
107.5, 3.420319981389116
107.6, 4.340258412451101
107.7, 3.961004047180784
107.8, 4.361230214264735
107.9, 5.095301351128201
108, 4.3311722615170325
108.1, 5.0750707145865315
108.2, 4.747595138855677
108.3, 4.98586732662301
108.4, 5.404969286162965
108.5, 5.054219724873823
108.6, 4.691724045494407
108.7, 5.4091705033933835
108.8, 6.25595785244414
108.9, 4.777106347884833
109, 4.496689692967409
109.1, 4.034899293611693
109.2, 5.139426324435135
109.3, 4.84070712751833
109.4, 4.58231757167698
109.5, 5.205598858701342
109.6, 4.940641914560841
109.7, 4.582992461038333
109.8, 5.077524468933631
109.9, 5.197856537132118
110, 5.570829740546688
110.1, 5.947567987362665
110.2, 6.415618361216691
110.3, 5.829871348770638
110.4, 5.556110305523976
110.5, 5.922561456652608
110.6, 6.14707198058103
110.7, 6.0644723886756875
110.8, 7.00517720021447
110.9, 6.796858108650185
111, 7.596834429466149
111.1, 7.801459952409995
111.2, 8.726860309581275
111.3, 8.775445415346054
111.4, 7.957920484790886
111.5, 8.699304299808853
111.6, 9.1809789327465
111.7, 9.302318418862477
111.8, 10.790953430305093
111.9, 10.163620215226402
112, 10.553132138822315
112.1, 10.929839359786998
112.2, 11.38358011287124
112.3, 11.853748156162954
112.4, 12.073794715683288
112.5, 12.392436615882747
112.6, 13.062157447451234
112.7, 13.852611607693825
112.8, 13.586352069605185
112.9, 13.796339486794908
113, 14.40738929566521
113.1, 14.543605756968892
113.2, 15.938082045641302
113.3, 16.180227321288907
113.4, 16.552865348732006
113.5, 16.074688611503365
113.6, 17.170074020399706
113.7, 17.603514214007213
113.8, 17.793713355140994
113.9, 18.32715221613719
114, 18.698961883130302
114.1, 18.953221802733022
114.2, 20.06815240429045
114.3, 20.265318276754368
114.4, 20.62465875892042
114.5, 21.675767073132693
114.6, 21.72650959385393
114.7, 22.250040115155223
114.8, 22.91662780798211
114.9, 23.33168824372585
115, 23.12645155157624
115.1, 24.713834374644144
115.2, 25.275569543781106
115.3, 24.650677100212693
115.4, 26.561974574571316
115.5, 27.256225646987975
115.6, 28.007707122613432
115.7, 27.762475311261884
115.8, 29.15502346355547
115.9, 30.279989265968293
116, 30.430676694275892
116.1, 30.732308901221426
116.2, 31.2473986501697
116.3, 33.031761986521296
116.4, 32.43664578553203
116.5, 34.133385739700984
116.6, 34.21281092711063
116.7, 35.28502175283199
116.8, 36.50264971277861
116.9, 37.50512800587032
117, 38.980863910720686
117.1, 39.113488252399065
117.2, 40.656933018079904
117.3, 42.201817177264026
117.4, 43.13094613662935
117.5, 43.636820566293224
117.6, 46.00012672295227
117.7, 46.46127065748777
117.8, 46.90401521311067
117.9, 49.01743277993642
118, 49.27986784312981
118.1, 50.80844618140262
118.2, 51.62721109370017
118.3, 53.531622019852215
118.4, 54.6583828098026
118.5, 55.99994308748149
118.6, 57.77407362107247
118.7, 58.644940072771796
118.8, 59.44323483843855
118.9, 60.91866963235515
119, 62.49659140104693
119.1, 63.961761447524125
119.2, 64.94565548055294
119.3, 66.86777562818219
119.4, 67.74571329546889
119.5, 69.67910920671635
119.6, 70.99272476668351
119.7, 72.10602905014014
119.8, 74.07571427734489
119.9, 75.36852880447441
120, 76.92853440917325
120.1, 78.41021984203063
120.2, 79.83711252857383
120.3, 81.8374649113603
120.4, 82.85025775033151
120.5, 84.96686364439006
120.6, 86.84764194899454
120.7, 89.52574464029311
120.8, 90.29109119637839
120.9, 92.74149691532399
121, 93.92216501535967
121.1, 95.94555137224168
121.2, 98.55316996875025
121.3, 100.64066169818379
121.4, 102.45310971045912
121.5, 104.82095446170027
121.6, 106.40913202474994
121.7, 109.40757694646518
121.8, 111.2850726353231
121.9, 114.04770738881501
122, 116.23309080675187
122.1, 118.54597234911355
122.2, 121.16742306515226
122.3, 122.89282445415061
122.4, 126.70657064293145
122.5, 128.56180582711684
122.6, 131.30292192273825
122.7, 134.29693735667752
122.8, 136.76201985849295
122.9, 139.6786711070448
123, 142.85768313501046
123.1, 145.32051046043804
123.2, 147.11662853374787
123.3, 150.12935141947986
123.4, 153.14556478473352
123.5, 156.18606099568416
123.6, 160.17305644196742
123.7, 161.65125102650816
123.8, 165.61327130712598
123.9, 168.2477611181043
124, 172.23666702704537
124.1, 174.91768051377093
124.2, 177.9975064431018
124.3, 181.6452160994098
124.4, 184.7631662761288
124.5, 188.16246918057723
124.6, 191.1837929215155
124.7, 194.69523559820138
124.8, 198.49053284812723
124.9, 201.57889966957185
125, 204.66396297472792
125.1, 208.2028245283281
125.2, 211.81017546087452
125.3, 215.63683236816962
125.4, 219.37657083207958
125.5, 222.65958726235118
125.6, 227.6928039143694
125.7, 230.44906074073947
125.8, 233.84737259679335
125.9, 238.67011315923466
126, 242.01393976905754
126.1, 246.15075986347182
126.2, 249.95816899019755
126.3, 254.99589801567157
126.4, 258.5992544583642
126.5, 262.1150711402988
126.6, 267.47489808141836
126.7, 270.70110624039074
126.8, 275.176083813509
126.9, 280.679349855048
127, 283.9117070387054
127.1, 289.0534547967028
127.2, 293.17678507581934
127.3, 297.5954369095704
127.4, 302.60239529123226
127.5, 307.5019583335237
127.6, 311.96385636107965
127.7, 317.3314257067066
127.8, 321.9910377434309
127.9, 326.27428176563365
128, 331.74661239842425
128.1, 337.27219362423415
128.2, 341.732819607509
128.3, 346.96024934580646
128.4, 352.6227749129417
128.5, 357.3293173985788
128.6, 363.42973905472564
128.7, 368.8761901171253
128.8, 374.5635353631815
128.9, 379.73630509014066
129, 384.69300579423935
129.1, 391.146231988432
129.2, 396.0633107493001
129.3, 403.33640096857323
129.4, 406.9791821354016
129.5, 414.28814502642433
129.6, 419.36484843892214
129.7, 426.6236448432024
129.8, 431.45341126442435
129.9, 437.52590515711046
130, 443.83709503991327
130.1, 449.6541977963599
130.2, 455.82933572596517
130.3, 462.1705811577106
130.4, 469.09143072399763
130.5, 475.74502147369964
130.6, 481.8284221542414
130.7, 488.83414442045245
130.8, 494.93459488245304
130.9, 501.84052842272666
131, 507.62791655301237
131.1, 514.8643631197818
131.2, 522.2373677372965
131.3, 528.6631612017025
131.4, 536.093578058853
131.5, 543.82768719789
131.6, 550.5430826824562
131.7, 558.6844600598615
131.8, 565.7150061883463
131.9, 572.9177656787487
132, 580.844842031713
132.1, 588.274623009478
132.2, 595.9604154744226
132.3, 604.4327648769604
132.4, 611.9905099731933
132.5, 619.3632535312723
132.6, 627.7498391647407
132.7, 635.2064247735291
132.8, 644.3979589427129
132.9, 652.0622584858088
133, 661.1841652304325
133.1, 670.0762634214236
133.2, 678.85697419742
133.3, 686.38851536588
133.4, 694.9904174733275
133.5, 704.3850266154379
133.6, 712.2661328881868
133.7, 722.4976199043122
133.8, 732.395247699627
133.9, 740.117059019276
134, 749.8730840706994
134.1, 759.8981809709967
134.2, 769.1489698807228
134.3, 779.5176207137038
134.4, 789.1225947760315
134.5, 798.3319034162495
134.6, 807.7781115689855
134.7, 819.0693191124765
134.8, 828.1785547011772
134.9, 838.8739606724686
135, 850.1442560499812
135.1, 859.0978976558156
135.2, 870.4992177268168
135.3, 880.1233686364722
135.4, 892.0670414712949
135.5, 902.9724834380994
135.6, 913.9531099827583
135.7, 924.0277592862542
135.8, 936.7772136099535
135.9, 947.5871012374408
136, 958.1482808053163
136.1, 970.423615503168
136.2, 981.4437415118837
136.3, 993.0973104425376
136.4, 1004.246871608331
136.5, 1016.6054414420065
136.6, 1028.6345458517085
136.7, 1040.70662954164
136.8, 1052.3587713968993
136.9, 1065.3871950092885
137, 1076.5688458043157
137.1, 1090.3248582741724
137.2, 1102.366241632761
137.3, 1115.7192497006404
137.4, 1128.771391161332
137.5, 1141.5213746702416
137.6, 1154.3899163275673
137.7, 1168.1486585330078
137.8, 1180.7870579322384
137.9, 1194.346837481572
138, 1208.318763213726
138.1, 1221.6944836182201
138.2, 1235.5318360758072
138.3, 1249.953834898978
138.4, 1263.515759927396
138.5, 1277.9426575358507
138.6, 1293.2398439416106
138.7, 1307.366030873154
138.8, 1321.6218333945687
138.9, 1337.225503950633
139, 1352.239387791928
139.1, 1367.5897051268732
139.2, 1383.7457550742904
139.3, 1398.6972041294675
139.4, 1415.0351000976273
139.5, 1431.1197402394375
139.6, 1447.8164864214843
139.7, 1463.4494714188088
139.8, 1479.4267937561556
139.9, 1497.1207711801721
140, 1514.1107279384594
140.1, 1530.7313700364082
140.2, 1548.816218496571
140.3, 1565.359393178431
140.4, 1582.8205065733143
140.5, 1601.4449989968116
140.6, 1618.8447806581287
140.7, 1636.465801735267
140.8, 1655.4366421770717
140.9, 1673.2831475174173
141, 1692.280373827493
141.1, 1710.7292323067973
141.2, 1729.6461001064044
141.3, 1749.1726549734199
141.4, 1768.7140763570183
141.5, 1788.1116236371029
141.6, 1806.9110852936092
141.7, 1826.9117413136073
141.8, 1847.5290273769672
141.9, 1867.0988065687704
142, 1887.7526358120585
142.1, 1907.399082727276
142.2, 1929.197314881095
142.3, 1949.767974974947
142.4, 1970.7793135560564
142.5, 1991.577861994457
142.6, 2012.4369124854488
142.7, 2034.959189708458
142.8, 2057.3147254675864
142.9, 2078.747968262068
143, 2101.393451997803
143.1, 2123.8102099800153
143.2, 2146.0733984308467
143.3, 2169.6501115332344
143.4, 2193.01755591619
143.5, 2215.280169441377
143.6, 2239.5077914252197
143.7, 2264.4087979191613
143.8, 2287.4081009628103
143.9, 2312.872478589033
144, 2337.0077359040015
144.1, 2361.3904346552195
144.2, 2385.6994799484573
144.3, 2411.501999708988
144.4, 2436.9274733047346
144.5, 2463.2830099523903
144.6, 2488.410362461026
144.7, 2514.5913947139297
144.8, 2541.569263294091
144.9, 2568.1640335685074
145, 2594.350747373772
145.1, 2621.693653726621
145.2, 2648.168308426473
145.3, 2676.1420723312226
145.4, 2702.4788644988935
145.5, 2730.817289805794
145.6, 2758.742091036537
145.7, 2786.761890290893
145.8, 2814.2976304952485
145.9, 2841.645656264334
146, 2870.0840863159237
146.1, 2898.331290880005
146.2, 2926.0809216980997
146.3, 2955.649261186593
146.4, 2984.029031761706
146.5, 3013.2054608954068
146.6, 3041.009837759375
146.7, 3069.5531785393155
146.8, 3099.17285494647
146.9, 3127.7734643096096
147, 3156.721866205735
147.1, 3185.414699945904
147.2, 3214.353581561258
147.3, 3243.58232066642
147.4, 3272.125924998466
147.5, 3301.3570152648836
147.6, 3329.780742150908
147.7, 3359.6167351533622
147.8, 3389.5258994155374
147.9, 3418.4293788255195
148, 3447.406891666007
148.1, 3476.3217011318075
148.2, 3505.5299473692867
148.3, 3534.3738435684068
148.4, 3564.4634441578573
148.5, 3593.6144743402106
148.6, 3622.5247909412237
148.7, 3653.2318742725984
148.8, 3682.7123399293278
148.9, 3712.432581851602
149, 3741.0920473243054
149.1, 3771.3886446947245
149.2, 3800.8167881589397
149.3, 3829.4903092753075
149.4, 3859.746889821551
149.5, 3889.9195917855236
149.6, 3918.481610488956
149.7, 3948.9743336295664
149.8, 3977.9433587849194
149.9, 4008.512973350179
150, 4037.5010422224004
150.1, 4067.963761951197
150.2, 4097.541559119511
150.3, 4127.934461984276
150.4, 4157.028910286219
150.5, 4187.122254663161
150.6, 4218.502044498847
150.7, 4248.3514109274965
150.8, 4279.070140154935
150.9, 4308.102108739736
151, 4338.5270941396
151.1, 4368.162735828329
151.2, 4399.8027760682635
151.3, 4429.805924753724
151.4, 4459.087580162859
151.5, 4489.720852192309
151.6, 4519.485714444208
151.7, 4549.901172462347
151.8, 4579.396372496688
151.9, 4609.829610888409
152, 4640.514165076913
152.1, 4669.784800930721
152.2, 4700.6313143032885
152.3, 4729.734846331521
152.4, 4759.882355118139
152.5, 4789.84159556345
152.6, 4819.257027701165
152.7, 4849.866863523257
152.8, 4880.351832872184
152.9, 4909.689814170395
153, 4939.0551757949925
153.1, 4968.1213035879555
153.2, 4998.091388133227
153.3, 5028.432273802075
153.4, 5058.076144051397
153.5, 5087.074816132574
153.6, 5115.795674719963
153.7, 5145.435369795163
153.8, 5175.290685042616
153.9, 5204.609425736154
154, 5233.913272453385
154.1, 5263.201797882768
154.2, 5291.417826200626
154.3, 5320.0924742394
154.4, 5349.210509463924
154.5, 5377.858260088452
154.6, 5407.542706956026
154.7, 5435.3079750349425
154.8, 5464.963619478918
154.9, 5492.916023621525
155, 5521.556153804644
155.1, 5549.923739672399
155.2, 5577.993176850992
155.3, 5606.595507551798
155.4, 5634.338895551182
155.5, 5663.344548059505
155.6, 5690.984997566299
155.7, 5718.664249903135
155.8, 5746.623389594509
155.9, 5775.47241933974
156, 5802.490045787985
156.1, 5830.557399287232
156.2, 5857.64273576024
156.3, 5885.862884581688
156.4, 5913.325040596479
156.5, 5940.844243776562
156.6, 5968.340089593434
156.7, 5996.598524164265
156.8, 6023.411164709131
156.9, 6050.780596301985
157, 6079.8239285616855
157.1, 6106.2531747154135
157.2, 6133.853326779837
157.3, 6161.3945690878145
157.4, 6188.4282142802585
157.5, 6217.161818890902
157.6, 6243.730721421301
157.7, 6270.854415496204
157.8, 6298.825970808417
157.9, 6325.601431051863
158, 6352.925688681853
158.1, 6380.463333639551
158.2, 6406.631698401944
158.3, 6434.65543879373
158.4, 6461.461176116137
158.5, 6488.825009701013
158.6, 6515.310194749885
158.7, 6542.064143830895
158.8, 6569.709354592199
158.9, 6596.485073800052
159, 6622.727313331899
159.1, 6650.253065095265
159.2, 6675.767729876033
159.3, 6703.561814012079
159.4, 6729.56062211255
159.5, 6756.2751895271285
159.6, 6782.254687560796
159.7, 6808.7481586441145
159.8, 6834.514821074722
159.9, 6860.545992451941
160, 6887.6273641612315
160.1, 6912.758701242413
160.2, 6938.465708823439
160.3, 6964.868237185235
160.4, 6990.176176885821
160.5, 7015.360105507915
160.6, 7041.196518503557
160.7, 7066.659779039539
160.8, 7091.783009116057
160.9, 7116.280780322003
161, 7141.8240183277785
161.1, 7166.3872425841355
161.2, 7191.498987094819
161.3, 7215.546893158454
161.4, 7241.036196248387
161.5, 7265.362127661094
161.6, 7289.788579618993
161.7, 7313.169143117111
161.8, 7337.25451711004
161.9, 7361.025463815528
162, 7385.275533414912
162.1, 7408.6458535561205
162.2, 7432.622053430738
162.3, 7455.376760522071
162.4, 7478.453146416064
162.5, 7501.965068204463
162.6, 7524.236472470103
162.7, 7547.508214516947
162.8, 7570.072834095357
162.9, 7592.527876537937
163, 7614.8762412275855
163.1, 7637.373023929879
163.2, 7659.878876925034
163.3, 7680.5133730479
163.4, 7703.024783811201
163.5, 7725.399379363973
163.6, 7747.324919797062
163.7, 7767.884115325948
163.8, 7789.974955689944
163.9, 7811.159921804197
164, 7832.681813406953
164.1, 7853.824828961373
164.2, 7873.904772805971
164.3, 7895.200896373464
164.4, 7914.9188006050745
164.5, 7935.743005874982
164.6, 7956.400274069499
164.7, 7976.939800298104
164.8, 7997.1634175813215
164.9, 8016.8565725068975
165, 8037.019666741091
165.1, 8056.99910279028
165.2, 8075.776696768272
165.3, 8095.908990814979
165.4, 8114.852716449378
165.5, 8134.085435703085
165.6, 8154.005699706748
165.7, 8172.079597681904
165.8, 8191.156591969135
165.9, 8210.491307584116
166, 8229.452293613655
166.1, 8247.760663040815
166.2, 8265.917410071592
166.3, 8284.234905041474
166.4, 8302.865685812014
166.5, 8320.470238222555
166.6, 8338.541111626873
166.7, 8356.725006096745
166.8, 8374.915141654299
166.9, 8391.825943882657
167, 8410.043293450966
167.1, 8428.09524711065
167.2, 8445.675180678323
167.3, 8462.298491015268
167.4, 8479.132372201426
167.5, 8495.607607651402
167.6, 8512.965287216668
167.7, 8530.32897023193
167.8, 8546.296564368095
167.9, 8563.580744413548
168, 8579.876188309983
168.1, 8596.425218459623
168.2, 8612.363744376195
168.3, 8628.076464645987
168.4, 8644.316167227207
168.5, 8660.801316292034
168.6, 8675.649352914234
168.7, 8692.0260753767
168.8, 8707.918949559968
168.9, 8722.922948754696
169, 8738.54648514789
169.1, 8754.186233080602
169.2, 8768.700332712177
169.3, 8783.337379452922
169.4, 8798.296967739381
169.5, 8813.61535223989
169.6, 8827.519983854203
169.7, 8842.299963505096
169.8, 8857.486817169538
169.9, 8872.618341203399
170, 8886.024647330523
170.1, 8899.885065071316
170.2, 8914.139072126163
170.3, 8927.399286770675
170.4, 8942.307465306445
170.5, 8955.259729112624
170.6, 8970.242833343924
170.7, 8983.420504444179
170.8, 8995.996115077809
170.9, 9010.26664950441
171, 9023.201634633402
171.1, 9036.564592540402
171.2, 9048.610029181871
171.3, 9062.226165015129
171.4, 9074.509321889078
171.5, 9087.219479159176
171.6, 9099.31497042266
171.7, 9112.352840267087
171.8, 9124.867375301952
171.9, 9137.800917756793
172, 9148.877766813539
172.1, 9161.043666441468
172.2, 9173.76522500591
172.3, 9185.886273760108
172.4, 9197.331128273841
172.5, 9209.301246135847
172.6, 9220.385014797304
172.7, 9232.609383623641
172.8, 9242.849475028454
172.9, 9253.97888276162
173, 9266.950785676936
173.1, 9276.319645940512
173.2, 9287.41451784031
173.3, 9297.993932372174
173.4, 9308.825002151145
173.5, 9319.078553854646
173.6, 9329.332328162904
173.7, 9340.328268255647
173.8, 9349.959705726997
173.9, 9360.509866734814
174, 9370.175228986704
174.1, 9380.44960775031
174.2, 9390.848457063155
174.3, 9399.91157006541
174.4, 9409.743085930535
174.5, 9419.41271455137
174.6, 9428.951026666577
174.7, 9438.569013038194
174.8, 9448.30261143876
174.9, 9456.631599514702
175, 9466.589083796618
175.1, 9474.048146168647
175.2, 9484.129208857968
175.3, 9491.996125539095
175.4, 9501.341999854134
175.5, 9509.41711792058
175.6, 9518.522758863524
175.7, 9527.086657723536
175.8, 9535.648573393319
175.9, 9543.740451367903
176, 9551.657998820303
176.1, 9559.803997560246
176.2, 9567.89900613393
176.3, 9576.174061841932
176.4, 9584.312819442388
176.5, 9591.293915098418
176.6, 9599.138823144776
176.7, 9606.718959342721
176.8, 9614.799305522516
176.9, 9621.571254942903
177, 9629.409866926646
177.1, 9637.37298941135
177.2, 9644.25508177682
177.3, 9652.036224399299
177.4, 9659.237831721135
177.5, 9666.783714578389
177.6, 9672.712073559913
177.7, 9680.587636338796
177.8, 9687.595128173582
177.9, 9694.370209258868
178, 9701.12363204328
178.1, 9707.953798087303
178.2, 9714.485736591727
178.3, 9721.40287317421
178.4, 9727.329753118103
178.5, 9733.469408882484
178.6, 9740.412778163407
178.7, 9747.123906042205
178.8, 9753.514771650483
178.9, 9759.343569948483
179, 9765.651001786542
179.1, 9772.326571083304
179.2, 9777.352823341422
179.3, 9783.947078272404
179.4, 9789.421306561753
179.5, 9794.439075258259
179.6, 9800.416659562154
179.7, 9806.057081316672
179.8, 9812.151012571494
179.9, 9816.837508901443
180, 9822.53079808804
180.1, 9827.928256183975
180.2, 9834.116937082714
180.3, 9838.527840800187
180.4, 9843.968556904876
180.5, 9848.615774288344
180.6, 9853.523177922692
180.7, 9858.876368052244
180.8, 9863.760245066835
180.9, 9867.82434178907
181, 9873.213249165654
181.1, 9877.200533652345
181.2, 9881.701275153126
181.3, 9886.386727676028
181.4, 9890.557303025276
181.5, 9894.4656573496
181.6, 9899.2119066702
181.7, 9903.654879653566
181.8, 9908.61658374309
181.9, 9911.56539395184
182, 9916.261925479204
182.1, 9919.357028176275
182.2, 9922.944746549932
182.3, 9926.761891749702
182.4, 9930.57615024571
182.5, 9934.543374217894
182.6, 9938.20958699142
182.7, 9941.730403991653
182.8, 9945.278629796903
182.9, 9948.762546509466
183, 9952.167453481585
183.1, 9955.842844931209
183.2, 9959.268724939775
183.3, 9962.028780132257
183.4, 9965.95701110615
183.5, 9968.166108248222
183.6, 9971.829882901526
183.7, 9975.243566896523
183.8, 9977.799014191138
183.9, 9980.146486960042
184, 9982.600117800588
184.1, 9986.244531045528
184.2, 9989.317977124036
184.3, 9991.555765113391
184.4, 9994.1510201184
184.5, 9996.67600010645
184.6, 10000.049579630726
184.7, 10002.571147099203
184.8, 10005.12340185688
184.9, 10007.970608371445
185, 10009.333243506962
185.1, 10011.933861611631
185.2, 10015.202938637483
185.3, 10016.539318859848
185.4, 10019.924497710941
185.5, 10020.583657953262
185.6, 10024.426351962846
185.7, 10025.561228581133
185.8, 10027.77561159052
185.9, 10029.885399556464
186, 10031.718423832463
186.1, 10034.328869073768
186.2, 10036.729365321042
186.3, 10038.652165535135
186.4, 10039.94753402011
186.5, 10041.926983732199
186.6, 10044.141229404848
186.7, 10045.357877154485
186.8, 10046.552576202137
186.9, 10048.95480892634
187, 10050.529724877006
187.1, 10051.648279458768
187.2, 10054.233427717862
187.3, 10054.808418904495
187.4, 10056.570291088081
187.5, 10058.126421673815
187.6, 10059.179028047121
187.7, 10060.981214228343
187.8, 10061.502524248903
187.9, 10063.043956520922
188, 10063.565343043478
188.1, 10065.614096976673
188.2, 10066.113865465508
188.3, 10066.755189471345
188.4, 10067.271330455138
188.5, 10068.119116742168
188.6, 10069.457144661843
188.7, 10071.06728320422
188.8, 10071.39024759788
188.9, 10070.917720411979
189, 10072.382047613597
189.1, 10073.918771984847
189.2, 10073.99025790473
189.3, 10074.58477212742
189.4, 10074.71707952949
189.5, 10075.663988658915
189.6, 10075.838268630216
189.7, 10075.76416923283
189.8, 10076.314913949234
189.9, 10077.034269377746
190, 10077.186522349886
190.1, 10078.049836053806
190.2, 10077.830016614093
190.3, 10078.650539751323
190.4, 10077.927940767442
190.5, 10078.626777350364
190.6, 10079.262586497209
190.7, 10078.476695114667
190.8, 10079.289297900401
190.9, 10078.67182230538
191, 10079.197379150137
191.1, 10079.271170136552
191.2, 10079.616199917959
191.3, 10079.412057490628
191.4, 10079.088213095294
191.5, 10079.433213688351
191.6, 10078.911717681247
191.7, 10079.413642911917
191.8, 10079.599712062145
191.9, 10079.438546310143
192, 10079.038885798414
192.1, 10079.22286634182
192.2, 10078.651963759608
192.3, 10078.67846319051
192.4, 10078.61772647135
192.5, 10078.002473450113
192.6, 10077.906252073462
192.7, 10078.158339915055
192.8, 10076.867519450627
192.9, 10077.546325445921
193, 10077.07462443046
193.1, 10076.790260650534
193.2, 10075.46273858804
193.3, 10075.929901784897
193.4, 10075.860642377635
193.5, 10074.73645443413
193.6, 10075.218329324383
193.7, 10074.716001883875
193.8, 10074.942288649148
193.9, 10074.08393509072
194, 10073.454443227416
194.1, 10072.342716422543
194.2, 10072.664649816974
194.3, 10072.576208140648
194.4, 10072.771645183697
194.5, 10071.598620365736
194.6, 10071.352987081322
194.7, 10070.640595272687
194.8, 10070.873989607031
194.9, 10069.404432802121
195, 10069.190868896087
195.1, 10068.752337754207
195.2, 10068.205587569366
195.3, 10067.026653924877
195.4, 10067.120654486997
195.5, 10066.696922878862
195.6, 10065.808721108711
195.7, 10065.313763800132
195.8, 10064.123516233143
195.9, 10063.186040780913
196, 10062.866132602805
196.1, 10062.659506836442
196.2, 10062.110087505842
196.3, 10060.890976706498
196.4, 10059.87619524132
196.5, 10059.458505254062
196.6, 10058.533502285487
196.7, 10057.344976457294
196.8, 10057.06223602388
196.9, 10055.667330030912
197, 10055.609749898415
197.1, 10054.047320783491
197.2, 10053.106075752863
197.3, 10052.337752733443
197.4, 10051.927035007946
197.5, 10050.272917449467
197.6, 10050.40983276208
197.7, 10049.096924355968
197.8, 10047.403977718255
197.9, 10046.172124867095
198, 10046.439297853414
198.1, 10045.093134877525
198.2, 10043.534800694311
198.3, 10042.952153814047
198.4, 10042.166603062531
198.5, 10041.204780908894
198.6, 10038.94077895725
198.7, 10039.135771157189
198.8, 10037.406357159576
198.9, 10037.545978952823
199, 10036.757405110246
199.1, 10034.910450997662
199.2, 10034.00836361946
199.3, 10032.48307952187
199.4, 10030.931368325544
199.5, 10029.824861740974
199.6, 10029.246005389032
199.7, 10028.323258451133
199.8, 10026.992816786751
199.9, 10025.719107754536
200, 10024.62324769249
200.1, 10023.603559156745
200.2, 10022.33205342241
200.3, 10021.410402126674
200.4, 10019.602915265425
200.5, 10018.17948322647
200.6, 10017.138024940596
200.7, 10016.61367814693
200.8, 10014.26928487397
200.9, 10013.26162818887
201, 10012.606492565488
201.1, 10010.97450196493
201.2, 10010.015751834266
201.3, 10008.720784402152
201.4, 10007.493468551731
201.5, 10005.761194604947
201.6, 10004.253052905826
201.7, 10001.648907276323
201.8, 10002.370476575847
201.9, 10000.202748618889
202, 9998.480348798743
202.1, 9997.514900563103
202.2, 9995.639909311118
202.3, 9995.46584916277
202.4, 9993.048961578088
202.5, 9991.503497190952
202.6, 9989.612316935702
202.7, 9988.314060874574
202.8, 9987.702107981951
202.9, 9985.47641486518
203, 9984.927143887013
203.1, 9983.209039483854
203.2, 9981.943258459087
203.3, 9979.549532260748
203.4, 9978.567399296078
203.5, 9977.072369353587
203.6, 9975.06615557627
203.7, 9973.788415060066
203.8, 9972.872819761498
203.9, 9970.46882592618
204, 9969.139276430034
204.1, 9969.048171189737
204.2, 9965.468099268397
204.3, 9964.552016178859
204.4, 9963.497468997602
204.5, 9961.032658549704
204.6, 9960.122888320282
204.7, 9957.862762988114
204.8, 9956.245462167082
204.9, 9953.83479420452
205, 9953.190712373664
205.1, 9951.192564418869
205.2, 9949.321805903393
205.3, 9947.60367070274
205.4, 9946.201346857102
205.5, 9944.025451753028
205.6, 9941.911539037832
205.7, 9940.684824628377
205.8, 9939.021725180879
205.9, 9936.636618316526
206, 9935.52164820456
206.1, 9933.124167469343
206.2, 9931.385524407899
206.3, 9929.48483891107
206.4, 9928.102748036039
206.5, 9925.518412050158
206.6, 9924.078387435062
206.7, 9923.003535997093
206.8, 9920.428323841634
206.9, 9918.50661843626
207, 9917.281123302617
207.1, 9914.44114645919
207.2, 9913.118440042095
207.3, 9910.88391481526
207.4, 9909.275292894772
207.5, 9906.94176650251
207.6, 9905.351459521908
207.7, 9903.399275933563
207.8, 9900.289126813484
207.9, 9899.02695998281
208, 9896.971429273706
208.1, 9895.047290923549
208.2, 9892.961690446595
208.3, 9890.419098317767
208.4, 9888.673088609316
208.5, 9887.264450538913
208.6, 9883.704061349692
208.7, 9881.888613054422
208.8, 9880.959225711276
208.9, 9878.164203376997
209, 9876.525687694075
209.1, 9873.702045658636
209.2, 9871.470050567086
209.3, 9868.58613733026
209.4, 9867.41329336267
209.5, 9865.29241541416
209.6, 9862.36666855894
209.7, 9859.968205656196
209.8, 9857.957016424481
209.9, 9855.553026234404
210, 9853.710178164072
210.1, 9851.42127298141
210.2, 9848.098303710367
210.3, 9845.768918209671
210.4, 9843.242189698834
210.5, 9841.621288529768
210.6, 9839.770803954669
210.7, 9837.104893687618
210.8, 9834.87268087831
210.9, 9832.31197380448
211, 9829.175478867077
211.1, 9828.175837343224
211.2, 9825.047289097476
211.3, 9823.42975923947
211.4, 9820.049709932426
211.5, 9817.921719834627
211.6, 9815.375904680819
211.7, 9813.21905973239
211.8, 9811.102289243565
211.9, 9807.767199077309
212, 9805.918973129592
212.1, 9802.725925312208
212.2, 9800.073051320034
212.3, 9797.447924245362
212.4, 9796.825657712889
212.5, 9792.729191949398
212.6, 9790.687948348124
212.7, 9787.310344982654
212.8, 9784.477964699168
212.9, 9782.507362104885
213, 9779.236137978107
213.1, 9777.225376229495
213.2, 9774.804241668025
213.3, 9772.024160751673
213.4, 9769.303950990112
213.5, 9766.55399839857
213.6, 9764.296745602403
213.7, 9760.895150963908
213.8, 9759.122193142333
213.9, 9755.957400730005
214, 9753.168541348432
214.1, 9750.00980783244
214.2, 9747.876486768202
214.3, 9745.085615033939
214.4, 9741.992974092638
214.5, 9739.773523311773
214.6, 9736.524683294903
214.7, 9734.264680008078
214.8, 9731.242026180413
214.9, 9728.847305268937
215, 9726.31056463044
215.1, 9723.245296984698
215.2, 9720.392535294524
215.3, 9716.874493055748
215.4, 9714.26478771061
215.5, 9712.443481354772
215.6, 9709.231521664207
215.7, 9706.213778292684
215.8, 9703.120476523578
215.9, 9700.265955503253
216, 9698.458543507188
216.1, 9694.895422557622
216.2, 9692.073039165403
216.3, 9687.820754070604
216.4, 9685.692153636159
216.5, 9682.420226532133
216.6, 9679.772770527496
216.7, 9676.457660919894
216.8, 9673.599009204436
216.9, 9670.68547857822
217, 9668.100442879148
217.1, 9664.066204227714
217.2, 9661.450310373273
217.3, 9659.07945542629
217.4, 9656.527120858138
217.5, 9653.759888753983
217.6, 9650.178157155553
217.7, 9647.391911993851
217.8, 9644.039897565013
217.9, 9641.523369792198
218, 9637.843789317574
218.1, 9635.288455920743
218.2, 9631.542266736662
218.3, 9628.760107457496
218.4, 9625.324848440112
218.5, 9622.463863022445
218.6, 9618.451918725154
218.7, 9615.975895820862
218.8, 9612.742318741886
218.9, 9609.85965102061
219, 9606.662624483026
219.1, 9603.557022735715
219.2, 9600.363325485909
219.3, 9597.044219066338
219.4, 9593.559197466788
219.5, 9590.4812549871
219.6, 9587.768207206023
219.7, 9583.575005799155
219.8, 9580.959958401898
219.9, 9577.385713212716
220, 9574.309058833753
220.1, 9571.087494256642
220.2, 9567.513910748863
220.3, 9564.89566722406
220.4, 9560.193069415816
220.5, 9557.787526749076
220.6, 9553.38741869023
220.7, 9550.559550471646
220.8, 9547.341340850304
220.9, 9542.927369923374
221, 9540.382052692275
221.1, 9537.562514855048
221.2, 9533.706054884688
221.3, 9530.076887008714
221.4, 9526.697963136594
221.5, 9523.777727981986
221.6, 9519.683141271156
221.7, 9517.418531882475
221.8, 9513.6471141673
221.9, 9510.291601513947
222, 9506.94231399792
222.1, 9503.41686001472
222.2, 9500.381445151519
222.3, 9495.925099039472
222.4, 9492.698259814355
222.5, 9490.073371562774
222.6, 9485.905499638324
222.7, 9482.162558529228
222.8, 9479.238086039393
222.9, 9474.90224055218
223, 9471.43868944824
223.1, 9468.179769465662
223.2, 9464.798899260022
223.3, 9460.973906373876
223.4, 9457.64377040866
223.5, 9454.21824659902
223.6, 9450.838299533634
223.7, 9447.205995213873
223.8, 9444.520242808727
223.9, 9440.816569580358
224, 9437.295661235174
224.1, 9432.337976346516
224.2, 9429.09847442982
224.3, 9425.516135478341
224.4, 9422.172742132632
224.5, 9418.759310295953
224.6, 9415.196086777722
224.7, 9411.515694380245
224.8, 9406.902214504868
224.9, 9404.916996987424
225, 9401.615787713608
225.1, 9397.88280417194
225.2, 9393.213367943285
225.3, 9390.289003488006
225.4, 9387.431703973412
225.5, 9383.273846582813
225.6, 9379.518641296252
225.7, 9375.067851889426
225.8, 9372.137740454678
225.9, 9369.337979932463
226, 9364.891089065732
226.1, 9361.54302657968
226.2, 9358.038422213287
226.3, 9354.662183092589
226.4, 9351.401242563332
226.5, 9347.847453416274
226.6, 9343.283775591399
226.7, 9340.102915043406
226.8, 9336.785275168035
226.9, 9333.213545862174
227, 9329.883538105885
227.1, 9325.783253482477
227.2, 9322.596912960018
227.3, 9319.063879022646
227.4, 9314.728425673404
227.5, 9311.343466816486
227.6, 9307.845748653941
227.7, 9304.388269892259
227.8, 9301.69066982508
227.9, 9297.330115901215
228, 9293.049246172402
228.1, 9290.369169053965
228.2, 9286.578056013512
228.3, 9283.907912465898
228.4, 9279.692972301338
228.5, 9275.939562512965
228.6, 9272.225745903252
228.7, 9268.734827648987
228.8, 9265.23752309413
228.9, 9260.890232894819
229, 9257.029680133452
229.1, 9253.897808324122
229.2, 9251.540131305264
229.3, 9247.740995420714
229.4, 9244.9034740098
229.5, 9240.372810373321
229.6, 9237.577214290955
229.7, 9234.271458350295
229.8, 9230.789258399771
229.9, 9226.649226144073
230, 9223.300191180557
230.1, 9219.08230053938
230.2, 9216.808394460291
230.3, 9212.686103472985
230.4, 9208.6288340932
230.5, 9205.77001569126
230.6, 9202.35674329068
230.7, 9199.04871944455
230.8, 9195.847650500862
230.9, 9192.105105576391
231, 9188.721938585535
231.1, 9184.438612718184
231.2, 9180.998363445771
231.3, 9178.187689694732
231.4, 9174.817352354292
231.5, 9171.125900589743
231.6, 9167.9355357614
231.7, 9164.704873236442
231.8, 9161.190074577773
231.9, 9158.46529940246
232, 9153.7335104928
232.1, 9151.182233663594
232.2, 9147.983213585838
232.3, 9144.480092369779
232.4, 9141.932971023134
232.5, 9137.59107309209
232.6, 9134.658119390362
232.7, 9130.943773360255
232.8, 9128.324526446082
232.9, 9124.367984228222
233, 9121.45531455662
233.1, 9118.900480503424
233.2, 9114.403461295386
233.3, 9112.216347562367
233.4, 9108.940877792225
233.5, 9105.437586158132
233.6, 9102.39511079991
233.7, 9099.092462013748
233.8, 9095.883616142291
233.9, 9092.80891682339
234, 9089.817980642707
234.1, 9086.28589915566
234.2, 9083.375811923548
234.3, 9079.668570023663
234.4, 9077.197958316841
234.5, 9073.76936791879
234.6, 9070.334263562894
234.7, 9066.957174835894
234.8, 9064.311625660928
234.9, 9061.388578267739
235, 9058.670201536086
235.1, 9054.67055537395
235.2, 9052.568644846586
235.3, 9048.547646646917
235.4, 9046.654957887922
235.5, 9043.564874394777
235.6, 9040.16102337551
235.7, 9036.53310177062
235.8, 9034.036358215082
235.9, 9030.659765798187
236, 9027.285128307163
236.1, 9026.055229657168
236.2, 9022.131430462532
236.3, 9019.380402849121
236.4, 9016.776090731302
236.5, 9014.159613322841
236.6, 9010.248754449503
236.7, 9007.26433621448
236.8, 9004.300309015976
236.9, 9001.270801161809
237, 8998.45533238644
237.1, 8995.808038496023
237.2, 8992.809029416132
237.3, 8989.937981506037
237.4, 8986.91464768154
237.5, 8984.707849426795
237.6, 8981.072582784383
237.7, 8978.549765601425
237.8, 8976.750076295124
237.9, 8973.03091928116
238, 8970.10300171423
238.1, 8968.192287700102
238.2, 8965.042249593702
238.3, 8961.674300908659
238.4, 8959.246150887933
238.5, 8956.846338744937
238.6, 8953.7795619155
238.7, 8951.43940948691
238.8, 8948.253410256684
238.9, 8945.997592807833
239, 8942.726107106177
239.1, 8940.476469025103
239.2, 8936.886147871022
239.3, 8934.818960174085
239.4, 8932.053244149804
239.5, 8929.157231474826
239.6, 8926.849283042311
239.7, 8924.321988149353
239.8, 8921.885457522532
239.9, 8918.983291765826
240, 8915.800565598134
240.1, 8912.998703202062
240.2, 8910.899197175127
240.3, 8908.481871368118
240.4, 8905.93024068629
240.5, 8902.588931056558
240.6, 8899.963159155155
240.7, 8897.489242292475
240.8, 8895.544879303612
240.9, 8891.79171350746
241, 8889.132270603497
241.1, 8886.340901036958
241.2, 8883.88567644493
241.3, 8882.315103696039
241.4, 8878.748040272634
241.5, 8877.121130331181
241.6, 8874.047176160455
241.7, 8871.64671930649
241.8, 8869.460757352232
241.9, 8866.85893720434
242, 8864.178494266198
242.1, 8862.041759853944
242.2, 8858.67626512563
242.3, 8856.96114777118
242.4, 8853.552093488752
242.5, 8851.872690130058
242.6, 8849.966783179172
242.7, 8847.678640480275
242.8, 8843.664491228823
242.9, 8841.379852072809
243, 8839.38732312293
243.1, 8836.884003717953
243.2, 8834.315283869291
243.3, 8832.013209617931
243.4, 8829.47160296164
243.5, 8826.99279996146
243.6, 8825.545278926094
243.7, 8822.150332728508
243.8, 8819.142773761236
243.9, 8817.819010369985
244, 8815.537344596727
244.1, 8813.33076164316
244.2, 8810.676399075646
244.3, 8808.584899735912
244.4, 8806.67244995158
244.5, 8802.767258594165
244.6, 8801.148935088868
244.7, 8798.916137275515
244.8, 8796.55249395168
244.9, 8793.807154909195
245, 8791.107699713453
245.1, 8789.942272420496
245.2, 8786.795097857499
245.3, 8784.057834374542
245.4, 8782.159864104458
245.5, 8779.601578540236
245.6, 8777.316816192875
245.7, 8774.9632661653
245.8, 8772.326753361684
245.9, 8770.1847651337
246, 8768.80834687941
246.1, 8766.17748165272
246.2, 8763.741547757552
246.3, 8761.277171599815
246.4, 8758.892465699046
246.5, 8756.73870357355
246.6, 8754.872444290733
246.7, 8752.418418587566
246.8, 8750.0754031079
246.9, 8748.390525730158
247, 8746.191661964749
247.1, 8743.943039438574
247.2, 8741.774420073485
247.3, 8739.290522418843
247.4, 8737.518096987593
247.5, 8734.802996237408
247.6, 8733.177561864175
247.7, 8730.628638982736
247.8, 8728.998101131203
247.9, 8727.049856276859
248, 8725.096505305894
248.1, 8722.999267426496
248.2, 8720.261165393396
248.3, 8717.88684086733
248.4, 8715.582278808382
248.5, 8713.158131135577
248.6, 8711.782594505215
248.7, 8709.378363729173
248.8, 8707.772107018242
248.9, 8705.956844086606
249, 8703.753567339649
249.1, 8701.958033430043
249.2, 8699.694283262159
249.3, 8697.368316263006
249.4, 8695.52980575675
249.5, 8694.198369744629
249.6, 8690.875212922923
249.7, 8689.644558175965
249.8, 8686.85876422745
249.9, 8685.396006610139
250, 8683.144902018468
250.1, 8680.683553723336
250.2, 8678.717125677835
250.3, 8677.242517617997
250.4, 8675.54334658981
250.5, 8673.770726892311
250.6, 8672.026921223565
250.7, 8670.125188632066
250.8, 8667.098917475685
250.9, 8665.888996452126
251, 8663.620328774023
251.1, 8662.055414268028
251.2, 8660.793071885872
251.3, 8658.36225947761
251.4, 8655.929958508532
251.5, 8654.53973298234
251.6, 8652.171820378779
251.7, 8650.796199810413
251.8, 8649.242831353144
251.9, 8647.208049551738
252, 8645.4727702505
252.1, 8643.25327209734
252.2, 8641.80446699793
252.3, 8639.251041594236
252.4, 8638.394423722593
252.5, 8635.936937034183
252.6, 8634.447585967237
252.7, 8632.916693265754
252.8, 8630.5805387038
252.9, 8628.878412572918
253, 8627.707668174264
253.1, 8625.8223236049
253.2, 8624.256407704086
253.3, 8622.317772199203
253.4, 8620.240669051042
253.5, 8619.208445847795
253.6, 8616.375468131815
253.7, 8616.445547876872
253.8, 8614.209232997902
253.9, 8612.984503230822
254, 8609.99718366675
254.1, 8609.595630554937
254.2, 8607.067877894911
254.3, 8605.971121939023
254.4, 8604.230155349309
254.5, 8602.185274370673
254.6, 8601.226383824634
254.7, 8599.885283305142
254.8, 8596.806460946198
254.9, 8596.50491839806
255, 8594.100932735199
255.1, 8592.91123752036
255.2, 8591.283869173001
255.3, 8589.722720904876
255.4, 8588.373931642762
255.5, 8586.924255317846
255.6, 8585.780036082992
255.7, 8583.533791698514
255.8, 8582.440817335182
255.9, 8580.360000631128
256, 8579.252181801183
256.1, 8578.068828167305
256.2, 8575.917692030956
256.3, 8573.89907683633
256.4, 8573.066330779156
256.5, 8572.520286917967
256.6, 8570.63335805571
256.7, 8568.635389720685
256.8, 8567.888857539043
256.9, 8566.427191433497
257, 8565.541585110863
257.1, 8563.647426564974
257.2, 8562.465290939885
257.3, 8559.810700600823
257.4, 8559.185761223765
257.5, 8558.08557758696
257.6, 8557.714702503234
257.7, 8554.325769337218
257.8, 8554.983622125465
257.9, 8551.999507038528
258, 8551.675591425537
258.1, 8549.948608845374
258.2, 8548.543784116291
258.3, 8548.025033294294
258.4, 8546.876544443958
258.5, 8545.532598778802
258.6, 8544.972852456853
258.7, 8543.125876181946
258.8, 8541.87535649007
258.9, 8540.52316366847
259, 8540.079991715944
259.1, 8538.162043741073
259.2, 8536.66839964888
259.3, 8536.393491712552
259.4, 8534.703601241421
259.5, 8534.202628444047
259.6, 8533.577592458772
259.7, 8532.078970154635
259.8, 8531.005981413458
259.9, 8530.60312021193
260, 8529.908910197195
260.1, 8528.968412165146
260.2, 8528.042586120308
260.3, 8526.704834031172
260.4, 8526.515101867411
260.5, 8525.643423492513
260.6, 8523.936449753815
260.7, 8524.134325233004
260.8, 8523.22849824428
260.9, 8522.843748998319
261, 8520.5043542562
261.1, 8520.50770166391
261.2, 8519.961884420938
261.3, 8519.56805675038
261.4, 8518.693532809195
261.5, 8518.341476019441
261.6, 8517.142477009804
261.7, 8517.72899037688
261.8, 8516.748304623858
261.9, 8516.096011453868
262, 8515.282654965275
262.1, 8514.542459134776
262.2, 8514.435023923066
262.3, 8514.040390817383
262.4, 8513.313151059925
262.5, 8513.108969583853
262.6, 8512.394831708025
262.7, 8511.840305445
262.8, 8511.75102445126
262.9, 8511.089263596345
263, 8510.422951167226
263.1, 8510.931602179762
263.2, 8510.031623812965
263.3, 8510.631501186837
263.4, 8509.614950693067
263.5, 8508.98721421583
263.6, 8508.666179932034
263.7, 8509.27124610156
263.8, 8509.318445338213
263.9, 8509.345456950196
264, 8509.050548848065
264.1, 8508.961971015397
264.2, 8508.681405039908
264.3, 8508.72915788019
264.4, 8509.204017621445
264.5, 8508.318282675753
264.6, 8508.806892846436
264.7, 8509.121800260444
264.8, 8509.271093089394
264.9, 8508.843888624337
265, 8509.471264107653
265.1, 8509.549695947162
265.2, 8509.489938852617
265.3, 8509.729057162262
265.4, 8510.719860335636
265.5, 8510.011173949635
265.6, 8510.19301964257
265.7, 8510.944461290475
265.8, 8510.648205886859
265.9, 8511.500600146637
266, 8511.47709108701
266.1, 8512.3159638082
266.2, 8512.490972130156
266.3, 8512.568404592977
266.4, 8513.489267319386
266.5, 8514.182719410901
266.6, 8514.760644662401
266.7, 8515.21340475239
266.8, 8515.599483055592
266.9, 8515.946782552362
267, 8516.132427836035
267.1, 8517.807756389044
267.2, 8517.317249255206
267.3, 8517.98372674745
267.4, 8517.795674828749
267.5, 8518.948374393503
267.6, 8520.585608241367
267.7, 8520.331016453038
267.8, 8520.662694552608
267.9, 8521.024214594141
268, 8522.495498392806
268.1, 8523.281112270806
268.2, 8523.550164750093
268.3, 8524.207330500736
268.4, 8525.779347412421
268.5, 8525.97880499554
268.6, 8526.724497962326
268.7, 8527.151778570604
268.8, 8527.768125097526
268.9, 8529.4347657636
269, 8529.900591192
269.1, 8531.404618219918
269.2, 8531.881558732655
269.3, 8532.845816505664
269.4, 8533.45812993109
269.5, 8533.21165651301
269.6, 8535.628790435274
269.7, 8535.910319292467
269.8, 8537.995751625584
269.9, 8538.475480309671
270, 8539.565561003481
270.1, 8540.293717498555
270.2, 8541.62193137086
270.3, 8542.502763861215
270.4, 8543.550053016532
270.5, 8544.520444965285
270.6, 8545.658041208766
270.7, 8546.88516089258
270.8, 8547.714542626829
270.9, 8549.098697537842
271, 8550.116025620518
271.1, 8551.190534375868
271.2, 8553.29251666614
271.3, 8553.329036028359
271.4, 8554.344944803173
271.5, 8555.821357549663
271.6, 8556.505832703906
271.7, 8558.301366055111
271.8, 8560.184953861622
271.9, 8560.521576635878
272, 8561.898736746514
272.1, 8562.648519915703
272.2, 8564.765909344287
272.3, 8566.232295482994
272.4, 8566.99758260409
272.5, 8568.557044529489
272.6, 8570.78948501502
272.7, 8571.44697297209
272.8, 8572.30744365708
272.9, 8574.131866108846
273, 8576.180083733163
273.1, 8577.425224844368
273.2, 8578.325983993918
273.3, 8580.625900778197
273.4, 8580.711206000673
273.5, 8582.40452938262
273.6, 8584.926799860928
273.7, 8586.472270392833
273.8, 8587.222350253753
273.9, 8589.120680088055
274, 8591.014793138498
274.1, 8591.543541540768
274.2, 8593.487563070881
274.3, 8595.86568673995
274.4, 8597.040845316813
274.5, 8599.106566991099
274.6, 8601.418478284484
274.7, 8602.021046290958
274.8, 8603.10974458766
274.9, 8605.914324983883
275, 8607.412788908488
275.1, 8609.647350552435
275.2, 8611.063775427512
275.3, 8612.758538842505
275.4, 8614.420469979388
275.5, 8617.107885986428
275.6, 8618.357359960106
275.7, 8620.540555017875
275.8, 8622.91170162245
275.9, 8623.702187543722
276, 8625.257063016163
276.1, 8627.469127152362
276.2, 8630.21570794463
276.3, 8632.890657716378
276.4, 8634.622519994184
276.5, 8636.63441702607
276.6, 8638.230915148955
276.7, 8641.058389012751
276.8, 8642.216388283387
276.9, 8645.58766844633
277, 8647.067298012287
277.1, 8649.183565085454
277.2, 8651.858243973857
277.3, 8653.08514061018
277.4, 8655.36718297021
277.5, 8657.560291627626
277.6, 8660.21514817324
277.7, 8662.092479306602
277.8, 8665.040881200688
277.9, 8668.15147881323
278, 8671.030616289141
278.1, 8673.692981254651
278.2, 8674.765366658
278.3, 8677.500064407195
278.4, 8680.176108425872
278.5, 8682.125781365245
278.6, 8684.803438326848
278.7, 8688.022286285815
278.8, 8690.839746669102
278.9, 8693.146072089527
279, 8696.748444794472
279.1, 8698.697391105423
279.2, 8700.579308252614
279.3, 8703.63405197029
279.4, 8706.565587064262
279.5, 8709.364400245558
279.6, 8712.430636358027
279.7, 8715.751045684137
279.8, 8717.84618221743
279.9, 8720.220753356569
280, 8723.31524162681
280.1, 8726.550885647252
280.2, 8729.917657972132
280.3, 8732.706107528886
280.4, 8734.427424977073
280.5, 8737.50295753506
280.6, 8741.1005907561
280.7, 8744.066307544143
280.8, 8746.976285017903
280.9, 8750.062423465308
281, 8754.157941736092
281.1, 8756.880150088276
281.2, 8759.421671917446
281.3, 8762.760834771667
281.4, 8766.0949426877
281.5, 8769.616748765795
281.6, 8772.838006246206
281.7, 8775.727518097476
281.8, 8779.459279545743
281.9, 8782.470663147462
282, 8785.379958005124
282.1, 8788.633057237414
282.2, 8792.517944816498
282.3, 8795.821302748613
282.4, 8798.431143600039
282.5, 8801.686089762512
282.6, 8805.340514150175
282.7, 8808.487013318023
282.8, 8811.833183969238
282.9, 8815.449897986171
283, 8818.068353499384
283.1, 8821.951472171108
283.2, 8824.816497591579
283.3, 8828.080648265552
283.4, 8832.072976780426
283.5, 8835.096321660272
283.6, 8839.074141030958
283.7, 8841.625238443927
283.8, 8845.181253358613
283.9, 8849.914076641939
284, 8851.897686893588
284.1, 8855.664509279839
284.2, 8859.400366102742
284.3, 8862.18424784863
284.4, 8866.319346179213
284.5, 8868.195530478535
284.6, 8873.048296440069
284.7, 8876.763491417985
284.8, 8879.575516207015
284.9, 8883.650512974116
285, 8886.42974335011
285.1, 8890.630885507147
285.2, 8893.278197189582
285.3, 8897.170902061129
285.4, 8900.492379840143
285.5, 8904.20095521912
285.6, 8907.368409037947
285.7, 8910.481891036588
285.8, 8914.43658078769
285.9, 8918.107919164788
286, 8919.951294901326
286.1, 8924.385446272096
286.2, 8927.905252035349
286.3, 8931.58339525343
286.4, 8935.72278432665
286.5, 8938.17837760634
286.6, 8942.809148249542
286.7, 8945.387617343971
286.8, 8948.481159434159
286.9, 8952.369777558832
287, 8955.912115398538
287.1, 8959.200319000742
287.2, 8962.284858753992
287.3, 8965.87410690106
287.4, 8968.940371614028
287.5, 8972.715864791704
287.6, 8975.759630667331
287.7, 8979.266190867858
287.8, 8982.714203359936
287.9, 8986.2778487154
288, 8990.808876301879
288.1, 8993.411603462728
288.2, 8996.379775192254
288.3, 8999.94812516626
288.4, 9003.835650600327
288.5, 9006.182704803252
288.6, 9009.699287476928
288.7, 9013.782861347188
288.8, 9017.812606517451
288.9, 9021.234655514505
289, 9024.144257166068
289.1, 9027.15461126534
289.2, 9030.53141500437
289.3, 9032.92703819901
289.4, 9037.550747628684
289.5, 9040.90155887497
289.6, 9044.495460631337
289.7, 9047.78297801235
289.8, 9050.728427073265
289.9, 9053.796794280355
290, 9057.617370363412
290.1, 9060.450331801638
290.2, 9063.28597737848
290.3, 9067.258734018813
290.4, 9071.37730030527
290.5, 9074.199051857597
290.6, 9077.613919846024
290.7, 9080.852630366988
290.8, 9083.999584342137
290.9, 9086.899261486398
291, 9090.412066799672
291.1, 9093.867048234042
291.2, 9097.501959371877
291.3, 9100.464449938216
291.4, 9103.369784631379
291.5, 9106.7745345615
291.6, 9110.056336025691
291.7, 9112.610262996242
291.8, 9116.52323520393
291.9, 9119.525473264719
292, 9123.492671679936
292.1, 9126.533335148179
292.2, 9128.998490212713
292.3, 9133.162810630374
292.4, 9136.262678951683
292.5, 9139.055075674089
292.6, 9142.070806233927
292.7, 9145.158686549004
292.8, 9149.204533098882
292.9, 9151.742705265618
293, 9154.860987692919
293.1, 9157.747407875348
293.2, 9161.826108741783
293.3, 9164.244267768676
293.4, 9167.488477576984
293.5, 9170.917856706697
293.6, 9173.762393529947
293.7, 9178.048129837947
293.8, 9179.497668811044
293.9, 9183.64639021714
294, 9186.399924735373
294.1, 9188.967388862484
294.2, 9193.29350268266
294.3, 9195.629104373766
294.4, 9198.5588742766
294.5, 9202.346777058146
294.6, 9204.995003369362
294.7, 9207.955982039339
294.8, 9211.225846228732
294.9, 9213.99332940079
295, 9217.326050673602
295.1, 9219.702778814504
295.2, 9223.153056275813
295.3, 9226.179050027311
295.4, 9229.047179585988
295.5, 9232.156731451047
295.6, 9234.71427911398
295.7, 9238.2620009227
295.8, 9240.68987701002
295.9, 9244.740376872096
296, 9246.304058748728
296.1, 9251.005098366899
296.2, 9253.150773580386
296.3, 9255.791192417879
296.4, 9258.506438044116
296.5, 9261.785048390433
296.6, 9264.724136038112
296.7, 9267.09549360414
296.8, 9270.093355173125
296.9, 9273.77384407357
297, 9275.949124866895
297.1, 9278.829907031335
297.2, 9281.473346764767
297.3, 9284.313847234807
297.4, 9286.957391690958
297.5, 9291.062208745725
297.6, 9293.437780308355
297.7, 9295.54357316921
297.8, 9298.351306221664
297.9, 9302.26366129154
298, 9305.267554574124
298.1, 9306.824473414345
298.2, 9311.038227236519
298.3, 9313.13505436766
298.4, 9316.315743572713
298.5, 9318.468937939499
298.6, 9322.16458567024
298.7, 9324.356261832427
298.8, 9326.704804273782
298.9, 9330.05437262601
299, 9332.911154794647
299.1, 9334.870453481366
299.2, 9338.300069189407
299.3, 9340.714506570628
299.4, 9343.153971522523
299.5, 9346.115556757637
299.6, 9348.74464902775
299.7, 9352.071284336787
299.8, 9353.639315986158
299.9, 9356.750427144098
300, 9359.574513446545
300.1, 9361.515649578903
300.2, 9364.819597521322
300.3, 9366.854638883106
300.4, 9370.08637435744
300.5, 9372.565644578846
300.6, 9375.05690185146
300.7, 9377.637245065273
300.8, 9380.566748613948
300.9, 9382.748340966591
301, 9385.44905376744
301.1, 9387.682461897184
301.2, 9390.328525519046
301.3, 9392.984142806681
301.4, 9395.629547031349
301.5, 9398.17291984404
301.6, 9400.587449548637
301.7, 9403.437879468629
301.8, 9405.721659667399
301.9, 9408.612283518643
302, 9410.814243232235
302.1, 9412.485093590603
302.2, 9415.1639678365
302.3, 9418.264362561522
302.4, 9421.146610981976
302.5, 9422.506774203946
302.6, 9425.595827172845
302.7, 9427.35861323325
302.8, 9430.54630088029
302.9, 9432.33812764713
303, 9434.60225132261
303.1, 9437.039736919527
303.2, 9439.792676258789
303.3, 9441.944638143437
303.4, 9444.619089168495
303.5, 9446.130459637754
303.6, 9447.88232493974
303.7, 9451.614402639227
303.8, 9452.222938119023
303.9, 9455.432733209791
304, 9458.218962349916
304.1, 9459.679618399583
304.2, 9462.534846545052
304.3, 9464.80270579134
304.4, 9465.961673996613
304.5, 9469.17864951898
304.6, 9470.563296473667
304.7, 9472.74109898072
304.8, 9475.703225586878
304.9, 9478.095242578725
305, 9480.32187533865
305.1, 9482.705763965223
305.2, 9484.542253165433
305.3, 9485.5203012582
305.4, 9487.89654783578
305.5, 9491.205800415686
305.6, 9492.877321590491
305.7, 9495.069608634185
305.8, 9496.784863408151
305.9, 9498.866213506974
306, 9501.094628623438
306.1, 9502.775063391517
306.2, 9505.420518284982
306.3, 9507.302435519281
306.4, 9509.723750698797
306.5, 9511.300663356633
306.6, 9513.771321589174
306.7, 9514.80720470108
306.8, 9518.099954930201
306.9, 9518.982335742567
307, 9521.43284266593
307.1, 9523.357020603627
307.2, 9524.96180440455
307.3, 9526.534150675136
307.4, 9529.61578896707
307.5, 9531.260634812914
307.6, 9532.919436397737
307.7, 9534.963063436537
307.8, 9536.86192663681
307.9, 9537.925896885063
308, 9539.797646227182
308.1, 9542.611090158076
308.2, 9544.388976512613
308.3, 9546.1800901427
308.4, 9548.50714279372
308.5, 9549.677720611158
308.6, 9550.696592764603
308.7, 9553.718418097389
308.8, 9555.069230196488
308.9, 9556.632937489561
309, 9558.556106641952
309.1, 9560.021080921375
309.2, 9561.819745734521
309.3, 9564.071120224056
309.4, 9565.453160566616
309.5, 9566.54741721616
309.6, 9569.086644160367
309.7, 9570.214459566872
309.8, 9572.432270394349
309.9, 9573.680988812306
310, 9575.097041754894
310.1, 9576.461223930977
310.2, 9577.207965588745
310.3, 9580.24426626701
310.4, 9580.83746160476
310.5, 9583.200706380625
310.6, 9584.394546224983
310.7, 9585.824500426006
310.8, 9588.517475859726
310.9, 9588.72312621213
311, 9590.760028829904
311.1, 9592.180971828162
311.2, 9593.7611595399
311.3, 9594.778729276883
311.4, 9596.528968114751
311.5, 9598.14660984721
311.6, 9599.766860859592
311.7, 9601.077307936905
311.8, 9602.672856299232
311.9, 9603.164046484248
312, 9605.078520217265
312.1, 9606.454675405066
312.2, 9607.661426263547
312.3, 9609.444411966992
312.4, 9610.701662151107
312.5, 9612.40883639161
312.6, 9612.930581286266
312.7, 9615.297264585062
312.8, 9616.322656472013
312.9, 9617.275567819102
313, 9618.778278264968
313.1, 9620.554598397073
313.2, 9620.208180544154
313.3, 9622.639651302232
313.4, 9624.573513074842
313.5, 9625.146520919923
313.6, 9627.264008383976
313.7, 9627.997173884862
313.8, 9629.315559429204
313.9, 9630.67197647018
314, 9631.729528511667
314.1, 9632.58606718927
314.2, 9633.771547009193
314.3, 9634.862037735924
314.4, 9636.215039588731
314.5, 9637.927840851225
314.6, 9638.485083796086
314.7, 9639.597059676467
314.8, 9640.782205265381
314.9, 9641.836018844284
315, 9642.80305243669
315.1, 9644.302139349273
315.2, 9644.56081746282
315.3, 9646.247231334224
315.4, 9646.642685583125
315.5, 9647.933090131704
315.6, 9649.321363550398
315.7, 9650.413783587808
315.8, 9651.156332305987
315.9, 9652.25950585854
316, 9652.94827296108
316.1, 9654.863955967714
316.2, 9655.565915993624
316.3, 9656.590522876919
316.4, 9657.311649546195
316.5, 9659.09542485279
316.6, 9658.905261999404
316.7, 9661.184906391902
316.8, 9661.22204302512
316.9, 9662.62639899444
317, 9663.942946507277
317.1, 9664.480565639304
317.2, 9665.215871373215
317.3, 9665.612422388747
317.4, 9666.829664586785
317.5, 9667.611673789133
317.6, 9668.590834448252
317.7, 9670.208172766828
317.8, 9670.546199144495
317.9, 9671.565625665298
318, 9672.551180513681
318.1, 9672.732210486598
318.2, 9672.831431222145
318.3, 9674.314004819547
318.4, 9674.799440482404
318.5, 9675.316019791842
318.6, 9675.918265061642
318.7, 9677.735959137388
318.8, 9677.828369848641
318.9, 9678.302483642923
319, 9679.188824314015
319.1, 9680.295658404506
319.2, 9680.961620398368
319.3, 9680.953934934249
319.4, 9682.432003999387
319.5, 9682.327591450454
319.6, 9683.252270285751
319.7, 9684.395652101539
319.8, 9684.53801825956
319.9, 9684.927232129163
320, 9685.985368400055
320.1, 9686.147613633331
320.2, 9687.290677402234
320.3, 9687.729789567717
320.4, 9688.198149542983
320.5, 9688.180181615511
320.6, 9688.316232441395
320.7, 9689.74000773082
320.8, 9690.17795189999
320.9, 9691.123816431524
321, 9690.858577269822
321.1, 9691.200451134888
321.2, 9692.227512440064
321.3, 9692.505547916917
321.4, 9692.812507479914
321.5, 9692.916969204914
321.6, 9694.03681355923
321.7, 9694.188943719757
321.8, 9694.127550459305
321.9, 9695.182106779774
322, 9695.570721611773
322.1, 9696.671656590976
322.2, 9696.264447439138
322.3, 9696.744418279
322.4, 9697.224400960356
322.5, 9697.366954751633
322.6, 9697.733612601707
322.7, 9698.823811473821
322.8, 9698.148104279184
322.9, 9698.161602499862
323, 9698.22706336802
323.1, 9699.46061450251
323.2, 9699.449479341418
323.3, 9699.467605530645
323.4, 9699.555106935284
323.5, 9700.002841213565
323.6, 9700.80691894666
323.7, 9700.912116491394
323.8, 9700.723336519526
323.9, 9700.457513004088
324, 9701.390978870071
324.1, 9701.059422863691
324.2, 9700.670524674038
324.3, 9701.635742600341
324.4, 9702.189943924173
324.5, 9701.353736965018
324.6, 9701.84498500287
324.7, 9702.656238562433
324.8, 9701.20859989672
324.9, 9702.208946141891
325, 9702.151489577791
325.1, 9701.61478591937
325.2, 9702.011228855741
325.3, 9701.693191717983
325.4, 9703.199081007679
325.5, 9701.930656336686
325.6, 9701.865559210448
325.7, 9701.61531473074
325.8, 9702.621578423803
325.9, 9702.458814185891
326, 9702.378116748152
326.1, 9701.602541449762
326.2, 9701.240526333891
326.3, 9701.846397251593
326.4, 9701.424762373115
326.5, 9702.271917245027
326.6, 9702.372092121714
326.7, 9701.638613000892
326.8, 9701.015874599401
326.9, 9701.771862055777
327, 9701.424142191672
327.1, 9701.11854794821
327.2, 9700.706125342967
327.3, 9700.837471414708
327.4, 9700.088034407652
327.5, 9700.599221087348
327.6, 9700.242018261271
327.7, 9700.23651885952
327.8, 9699.94405923496
327.9, 9699.606498005482
328, 9699.547120184472
328.1, 9698.456066992017
328.2, 9698.534945895764
328.3, 9698.25607369672
328.4, 9698.260667099563
328.5, 9696.921715652199
328.6, 9698.717756474141
328.7, 9696.451008729025
328.8, 9696.616586586539
328.9, 9696.774179999913
329, 9696.061509790763
329.1, 9696.004387042549
329.2, 9695.454665310492
329.3, 9696.280003908487
329.4, 9694.613760883089
329.5, 9694.959890793443
329.6, 9693.413181131538
329.7, 9693.440518543177
329.8, 9694.034382646789
329.9, 9692.070912620962
330, 9692.731477481593
330.1, 9691.752250982108
330.2, 9692.533693496645
330.3, 9691.643977286329
330.4, 9690.13046558554
330.5, 9690.233207728399
330.6, 9689.87132544898
330.7, 9689.336273567747
330.8, 9688.265110127377
330.9, 9688.318093845877
331, 9687.84977030656
331.1, 9687.367678699815
331.2, 9687.15409777499
331.3, 9685.89411861739
331.4, 9685.445763604306
331.5, 9685.13160612426
331.6, 9684.829156697258
331.7, 9684.245094797121
331.8, 9682.995730936242
331.9, 9682.529555645906
332, 9681.989828061034
332.1, 9681.25815962436
332.2, 9681.036621117253
332.3, 9680.410424993297
332.4, 9679.210303309048
332.5, 9678.27960802748
332.6, 9677.502394404453
332.7, 9677.45057829399
332.8, 9676.502606371097
332.9, 9675.597244659113
333, 9675.206331409408
333.1, 9674.296239847963
333.2, 9673.454864175086
333.3, 9672.541728804928
333.4, 9672.177421606353
333.5, 9671.768241734295
333.6, 9670.758350699474
333.7, 9669.534557918138
333.8, 9669.342002916559
333.9, 9668.886097020077
334, 9667.936337515514
334.1, 9666.252589757803
334.2, 9666.171401188016
334.3, 9664.391304201963
334.4, 9664.217746004382
334.5, 9663.869944947206
334.6, 9661.729732783473
334.7, 9661.322064707749
334.8, 9660.669064359205
334.9, 9660.147458005373
335, 9659.292564429423
335.1, 9658.296641088069
335.2, 9656.9079835353
335.3, 9656.14729108689
335.4, 9655.108714369273
335.5, 9654.601832543955
335.6, 9653.347345476448
335.7, 9652.399118417557
335.8, 9651.238410895394
335.9, 9649.781905645486
336, 9649.590604400166
336.1, 9648.986262219423
336.2, 9647.82745966696
336.3, 9645.89384066877
336.4, 9645.312963707736
336.5, 9644.520637777008
336.6, 9642.815190502452
336.7, 9642.194553588672
336.8, 9640.599615406814
336.9, 9640.871254511167
337, 9638.81523830278
337.1, 9637.669713756446
337.2, 9637.039936756944
337.3, 9636.138768446066
337.4, 9634.920986486186
337.5, 9633.3827020541
337.6, 9633.586537816123
337.7, 9631.58254538723
337.8, 9631.102888708716
337.9, 9629.526748286067
338, 9629.237888961912
338.1, 9627.480605530222
338.2, 9626.388611484474
338.3, 9626.282740108298
338.4, 9624.697236585997
338.5, 9623.266947627575
338.6, 9620.424763446374
338.7, 9620.465411588086
338.8, 9619.11147176771
338.9, 9618.4140873699
339, 9617.252483669334
339.1, 9616.169111868985
339.2, 9614.357016785758
339.3, 9612.885052723332
339.4, 9612.26719720984
339.5, 9610.401130377399
339.6, 9609.91419133571
339.7, 9608.973423725609
339.8, 9607.529858384682
339.9, 9606.176884038046
340, 9605.41128026265
340.1, 9604.29892651953
340.2, 9603.256326577744
340.3, 9601.2095372184
340.4, 9600.454333133614
340.5, 9599.040407394528
340.6, 9598.120823831616
340.7, 9596.059210025343
340.8, 9595.015663241662
340.9, 9593.345638059955
341, 9591.747964246413
341.1, 9590.920527077009
341.2, 9589.65683433695
341.3, 9589.068187964076
341.4, 9586.618059216495
341.5, 9585.181806537159
341.6, 9584.217828590432
341.7, 9582.434924678282
341.8, 9582.188190674082
341.9, 9580.205855373166
342, 9578.985231085133
342.1, 9576.596191948043
342.2, 9575.765949098439
342.3, 9574.581408324035
342.4, 9572.876728938987
342.5, 9570.981195784681
342.6, 9570.40611654232
342.7, 9568.452285553994
342.8, 9566.640781000206
342.9, 9565.918078388786
343, 9564.899454443595
343.1, 9562.891346075352
343.2, 9560.39055635783
343.3, 9559.989149198078
343.4, 9557.494671190942
343.5, 9556.364584113382
343.6, 9554.925512711998
343.7, 9552.815909326142
343.8, 9551.84312413874
343.9, 9549.85428570038
344, 9549.017957731092
344.1, 9547.455020568008
344.2, 9545.82848498095
344.3, 9544.45895186707
344.4, 9541.416635965972
344.5, 9540.406161342453
344.6, 9539.659862411656
344.7, 9537.873314999788
344.8, 9535.868844048351
344.9, 9534.765149086363
345, 9531.885665569736
345.1, 9530.3248370337
345.2, 9529.927801851984
345.3, 9527.91630240576
345.4, 9526.650400918026
345.5, 9524.04188180402
345.6, 9522.766827697484
345.7, 9520.76216383837
345.8, 9518.8460586696
345.9, 9517.755451580435
346, 9515.25497200844
346.1, 9515.190175266182
346.2, 9511.628682073602
346.3, 9510.450792225734
346.4, 9508.455200077411
346.5, 9507.556669322608
346.6, 9505.054294444442
346.7, 9503.265511815338
346.8, 9502.169013399023
346.9, 9500.235604686364
347, 9498.258652712446
347.1, 9496.08989396535
347.2, 9495.037321015563
347.3, 9492.45178993545
347.4, 9490.31579220336
347.5, 9488.427591576892
347.6, 9486.090719653703
347.7, 9485.002119178675
347.8, 9484.277864658425
347.9, 9481.601875320755
348, 9480.064304854699
348.1, 9476.82161301092
348.2, 9474.95517910819
348.3, 9472.847260166298
348.4, 9470.957398055467
348.5, 9468.809804548047
348.6, 9466.694254688939
348.7, 9466.150226502108
348.8, 9463.532160799607
348.9, 9461.841776709169
349, 9458.829795711568
349.1, 9457.519067108326
349.2, 9453.990135027641
349.3, 9453.307138352597
349.4, 9450.94440054298
349.5, 9449.241054483713
349.6, 9446.481527178095
349.7, 9444.95469842547
349.8, 9442.55612845756
349.9, 9440.000939466663
350, 9438.625988116375
350.1, 9435.987943686805
350.2, 9434.398033395473
350.3, 9431.13247810068
350.4, 9429.737270283622
350.5, 9426.886574846036
350.6, 9425.26924536391
350.7, 9422.3598362072
350.8, 9420.839873414343
350.9, 9418.04679001465
351, 9416.174264158097
351.1, 9413.284822430904
351.2, 9411.028594526857
351.3, 9409.212712428267
351.4, 9407.127018832094
351.5, 9403.964718394716
351.6, 9402.019964102414
351.7, 9398.603485165162
351.8, 9397.582483392007
351.9, 9394.5502243634
352, 9391.235244529056
352.1, 9389.295379462385
352.2, 9387.599013305298
352.3, 9384.571536912159
352.4, 9382.77530204943
352.5, 9379.180779641929
352.6, 9377.774537837427
352.7, 9374.764466034883
352.8, 9372.4210967925
352.9, 9370.374103884003
353, 9367.38937531625
353.1, 9364.471418031377
353.2, 9362.282685238304
353.3, 9359.267123327398
353.4, 9356.349693529457
353.5, 9355.255362274314
353.6, 9351.56697893548
353.7, 9348.381179855063
353.8, 9346.134850344995
353.9, 9343.788045530184
354, 9340.946016709322
354.1, 9337.62834310276
354.2, 9336.028480718911
354.3, 9332.960850239147
354.4, 9329.571636292065
354.5, 9327.044445714197
354.6, 9324.189483672211
354.7, 9321.237834744648
354.8, 9319.27971376746
354.9, 9314.929336680523
355, 9312.986447573576
355.1, 9310.341390326792
355.2, 9306.92010929353
355.3, 9303.663734335096
355.4, 9301.047499347087
355.5, 9298.405968875488
355.6, 9295.333200302925
355.7, 9292.109902029297
355.8, 9288.932860274386
355.9, 9286.14398523353
356, 9282.975091037928
356.1, 9279.940081327875
356.2, 9277.27664822707
356.3, 9274.098144397156
356.4, 9270.827493938144
356.5, 9266.846328015492
356.6, 9264.389650829202
356.7, 9261.305956736525
356.8, 9257.530008911923
356.9, 9254.439187507269
357, 9252.021394796593
357.1, 9248.570845119271
357.2, 9245.367986866284
357.3, 9240.975302414792
357.4, 9238.270939265165
357.5, 9234.665187901328
357.6, 9231.562191936073
357.7, 9227.87468382961
357.8, 9224.589312562573
357.9, 9221.181184484662
358, 9218.31559544607
358.1, 9214.093157885984
358.2, 9210.861181823273
358.3, 9206.897169440732
358.4, 9203.821838786167
358.5, 9201.07574676426
358.6, 9196.63585751881
358.7, 9193.613081507689
358.8, 9189.793851424156
358.9, 9186.513806977675
359, 9182.359725565202
359.1, 9178.548755439095
359.2, 9175.641430101807
359.3, 9172.299551596401
359.4, 9167.86900098032
359.5, 9164.03386221842
359.6, 9160.410126984816
359.7, 9155.906996439206
359.8, 9152.528023089957
359.9, 9149.682726965746
360, 9145.06882199356
360.1, 9141.22554755533
360.2, 9137.246010157583
360.3, 9133.690166546743
360.4, 9130.050996874534
360.5, 9125.29232293009
360.6, 9121.984680134727
360.7, 9118.141505639947
360.8, 9114.083807246221
360.9, 9109.565589144984
361, 9105.938206202749
361.1, 9102.61165264067
361.2, 9096.985751680557
361.3, 9093.032241137078
361.4, 9089.074607026916
361.5, 9085.65551804643
361.6, 9080.4456746356
361.7, 9077.039191173653
361.8, 9072.959169204209
361.9, 9068.306821550232
362, 9064.233776684203
362.1, 9060.597945791578
362.2, 9055.447032852622
362.3, 9051.867557425252
362.4, 9047.011728527877
362.5, 9041.81595245675
362.6, 9038.36635718531
362.7, 9033.575482656399
362.8, 9029.664121387845
362.9, 9025.87151022519
363, 9020.565254079618
363.1, 9016.131127921435
363.2, 9011.774321844778
363.3, 9007.95960832628
363.4, 9002.720963896456
363.5, 8997.936636090863
363.6, 8994.943979080124
363.7, 8989.211609407972
363.8, 8985.884273071333
363.9, 8980.0889263247
364, 8976.641766731147
364.1, 8971.16187681815
364.2, 8966.284446374517
364.3, 8961.978697967745
364.4, 8957.225404184403
364.5, 8952.601074116266
364.6, 8947.112571745558
364.7, 8943.225241954458
364.8, 8938.957601140513
364.9, 8935.542657214944
365, 8928.655589508433
365.1, 8924.546963397195
365.2, 8919.657137004895
365.3, 8915.3327791731
365.4, 8910.144936863995
365.5, 8905.923064263641
365.6, 8901.558584776909
365.7, 8895.845755498658
365.8, 8891.815150701352
365.9, 8886.3710394834
366, 8882.40220530805
366.1, 8876.615585668063
366.2, 8871.321188146663
366.3, 8866.593344533172
366.4, 8861.166354665469
366.5, 8856.484900812691
366.6, 8851.206816893147
366.7, 8847.349884284386
366.8, 8842.13731057864
366.9, 8835.77968844347
367, 8831.651509679423
367.1, 8825.765968379032
367.2, 8821.489607355985
367.3, 8816.431440495819
367.4, 8810.888443312126
367.5, 8805.635542007372
367.6, 8800.823488896585
367.7, 8795.657603960099
367.8, 8790.3239626842
367.9, 8785.101174214418
368, 8779.232467097012
368.1, 8774.195626667064
368.2, 8768.891814371766
368.3, 8763.802723496603
368.4, 8758.649475350121
368.5, 8753.278638418102
368.6, 8747.298695394287
368.7, 8742.79294914901
368.8, 8737.07893159633
368.9, 8731.274783506915
369, 8726.266012676462
369.1, 8720.259228324709
369.2, 8715.037234626332
369.3, 8709.764141079035
369.4, 8704.062129521086
369.5, 8698.054744615953
369.6, 8692.674032561255
369.7, 8687.500076960876
369.8, 8681.603228875812
369.9, 8675.670553944155
370, 8670.366677518472
370.1, 8665.680967984119
370.2, 8659.40424706213
370.3, 8654.150750457868
370.4, 8648.392465707306
370.5, 8642.611495526453
370.6, 8636.96541795594
370.7, 8631.554272386331
370.8, 8625.26352103226
370.9, 8619.25642838699
371, 8613.486911124184
371.1, 8607.33498441892
371.2, 8602.616964911582
371.3, 8596.01493250495
371.4, 8591.032876145968
371.5, 8584.535551739364
371.6, 8579.025463812328
371.7, 8573.549473639889
371.8, 8567.18987378547
371.9, 8561.731606495818
372, 8555.521639380428
372.1, 8549.09917433238
372.2, 8543.838531576324
372.3, 8537.133400076198
372.4, 8530.711300793177
372.5, 8525.061652521234
372.6, 8519.908050350841
372.7, 8513.555224661186
372.8, 8506.735405162812
372.9, 8501.039795544379
373, 8495.16544022482
373.1, 8489.312933659543
373.2, 8483.206086779632
373.3, 8476.589679363196
373.4, 8469.265227041156
373.5, 8465.469730891526
373.6, 8458.427601094696
373.7, 8453.072492922372
373.8, 8445.544817386579
373.9, 8440.136396000555
374, 8434.439314709643
374.1, 8428.6740864121
374.2, 8422.758311711612
374.3, 8416.137771418735
374.4, 8410.655908836854
374.5, 8404.445084595218
374.6, 8398.024959062359
374.7, 8392.438217289373
374.8, 8386.276883802426
374.9, 8379.240719141033
375, 8374.296249688532
375.1, 8367.783875743991
375.2, 8361.656265466318
375.3, 8355.23745234595
375.4, 8349.426056168928
375.5, 8342.903209231094
375.6, 8337.804064652188
375.7, 8330.699080111255
375.8, 8324.684027440822
375.9, 8318.784830993296
376, 8312.642329654995
376.1, 8306.6672692451
376.2, 8300.525725418765
376.3, 8294.375795910617
376.4, 8288.559930299232
376.5, 8283.211945750063
376.6, 8276.82463794346
376.7, 8270.485673316145
376.8, 8264.066055309218
376.9, 8258.550249164331
377, 8252.50088093246
377.1, 8246.828237036063
3