0, -0.2674959468738389
0.1, 0.07000635832790832
0.2, -0.2760826964952036
0.3, -0.4294402851312226
0.4, 0.21934472798386578
0.5, -0.10720589418672387
0.6, -0.14695732008312212
0.7, 0.37008507104464705
0.8, 0.6596118176698051
0.9, -0.15243955491749198
1, -0.2004935980405531
1.1, 0.5899732793516758
1.2, -0.998704736758211
1.3, 0.27639098972250814
1.4, -0.0212947826454368
1.5, -0.6892892383957044
1.6, -0.6288521776326974
1.7, -0.42443096646483514
1.8, -0.5648933245322791
1.9, -0.3919661572760248
2, -0.18624498709670498
2.1, 1.076509229374539
2.2, -0.9452799564622021
2.3, -0.18563232061635382
2.4, 0.2239627158238206
2.5, -0.6387874591331619
2.6, -0.15962634734316616
2.7, 0.07655812735548528
2.8, 1.4538308083500027
2.9, -0.5888044378487809
3, 0.5391392428891315
3.1, 0.25137784705563276
3.2, -0.5389967656118084
3.3, 0.3994007341777174
3.4, 0.29574477390507375
3.5, -0.1433737091254981
3.6, -3.122545103279072E-4
3.7, -0.18710493148850083
3.8, -0.2860742931334135
3.9, -0.6107096183755096
4, -0.3410020112827139
4.1, -0.1543282533425921
4.2, 0.08876419721620328
4.3, 0.5211416209860839
4.4, 0.2947367125121771
4.5, 0.20306869700985059
4.6, -0.0826753684523151
4.7, 0.19192567281073847
4.8, 0.003434383915924776
4.9, 0.3048506743647235
5, 0.1577869250137369
5.1, -0.625441378884127
5.2, -0.16446513056777703
5.3, 0.6486409024726817
5.4, -0.4782498475728614
5.5, -0.14500987468934007
5.6, -0.26025359940644943
5.7, -1.3435607050967204
5.8, 0.3479497593480201
5.9, 0.22280243997097793
6, 0.0432673333195488
6.1, -0.35326458644095277
6.2, 0.24376410467052304
6.3, 0.613713442205494
6.4, 0.5778909339433121
6.5, 0.19188489521986904
6.6, -0.8359304828114175
6.7, 0.11556269480864835
6.8, -0.43969349788699125
6.9, -0.8108381651941335
7, -0.23229437544454612
7.1, 0.27973603171073885
7.2, -0.5442623127370781
7.3, -0.3815633699243759
7.4, 0.3953162477460326
7.5, -0.4844755939968352
7.6, -0.11263583860832696
7.7, -0.8576530302937851
7.8, 0.050116051844627384
7.9, -0.3505837999851589
8, -0.02584056531997999
8.1, -0.3287342632331381
8.2, -0.7626483470899604
8.3, 0.9634913183519791
8.4, 0.46302695043193653
8.5, -0.029568441086160073
8.6, -0.5883847311477926
8.7, 0.7225376360262006
8.8, -0.2393208751862497
8.9, 0.4936252546328831
9, 0.4523760896468055
9.1, -0.5435947955819211
9.2, -0.47238017159629814
9.3, -0.1190847119436538
9.4, -1.1422523516529965
9.5, -0.2577586248346029
9.6, 0.515524175251651
9.7, -0.3140008963470674
9.8, -0.2934345865777782
9.9, -0.60564233093845
10, -0.10351918391807374
10.1, -0.5544437783521339
10.2, -0.5873815355311367
10.3, -0.4587833967596023
10.4, -0.45177310400863857
10.5, -1.5368161787851693
10.6, -0.49654826607371794
10.7, -1.355003995377294
10.8, -0.6222649394080675
10.9, -0.8780543412774876
11, -0.5970456352150406
11.1, -1.0780366509693464
11.2, -0.6251239984528801
11.3, -1.0448547425819545
11.4, -1.054923210605341
11.5, -1.0864045838550538
11.6, -1.425198658247219
11.7, -0.38501604576797965
11.8, -1.0542889507651867
11.9, -1.1132241792087403
12, -1.5090758153262163
12.1, -0.43034223892096307
12.2, -1.4793232843095814
12.3, -1.839305518698383
12.4, -1.7784044943894608
12.5, -1.4834277959451894
12.6, -1.0123082691237963
12.7, -0.8691039384855356
12.8, -0.9595584661498116
12.9, -0.8484572333330318
13, -1.6756841187413514
13.1, -1.4621868218588427
13.2, -1.63185448078031
13.3, -2.284439953736024
13.4, -1.021481426764225
13.5, -1.7347701585841215
13.6, -1.847701416198187
13.7, -1.4143166911058653
13.8, -1.7069098916066336
13.9, -1.9591616748820107
14, -2.31045083969506
14.1, -2.0188613128355977
14.2, -1.8900707343243792
14.3, -1.9456148646226628
14.4, -1.9676662148414132
14.5, -1.960369069361151
14.6, -2.528233826188675
14.7, -2.3206340359504583
14.8, -2.20291568588235
14.9, -2.41489683997351
15, -1.9902663661518727
15.1, -2.1155219748109126
15.2, -2.4763493796377043
15.3, -2.4879815491574715
15.4, -3.564496816616482
15.5, -2.4912177577765524
15.6, -3.703820582759073
15.7, -2.6626864698547306
15.8, -2.572896361049634
15.9, -3.500889678817295
16, -2.9732815805889454
16.1, -3.6420556073126042
16.2, -4.032477950558862
16.3, -2.393638036950121
16.4, -3.2367394234587286
16.5, -3.238626016523779
16.6, -3.4710007460851404
16.7, -2.875654579252211
16.8, -3.0206775776004515
16.9, -3.369574502545522
17, -3.4396543192472997
17.1, -2.699317030577159
17.2, -2.981942274842651
17.3, -2.8194377303765976
17.4, -2.402684967065748
17.5, -2.5841446952195146
17.6, -3.134294305789276
17.7, -3.0658507437522906
17.8, -2.8391623712769736
17.9, -4.263095595277031
18, -3.2356182239419473
18.1, -3.1463328883184145
18.2, -2.839477824739476
18.3, -3.6317248091407754
18.4, -3.6371705369493506
18.5, -3.567011130712569
18.6, -3.8822720532947455
18.7, -4.132835232323957
18.8, -3.254482240189321
18.9, -2.6338392413834963
19, -3.981782439670563
19.1, -3.3722938830022673
19.2, -2.711563636771948
19.3, -3.789666574756302
19.4, -3.432614817217877
19.5, -3.8762080835226556
19.6, -3.694141571309335
19.7, -3.523009448622236
19.8, -3.986322008991986
19.9, -3.546502685845712
20, -4.107363248943941
20.1, -3.0131738759881115
20.2, -3.056304039095386
20.3, -2.87159682581521
20.4, -4.16189187830346
20.5, -3.8404263187192553
20.6, -3.9798425252532015
20.7, -2.7344963199723598
20.8, -3.277595866877557
20.9, -3.0830083391335443
21, -3.2404685284394463
21.1, -3.596180167484553
21.2, -3.078062994378788
21.3, -3.685126970688269
21.4, -3.8259736053454776
21.5, -3.783021494952825
21.6, -3.5739060631793067
21.7, -3.369105876731309
21.8, -3.277163278425168
21.9, -3.41145576167774
22, -3.0106485196909785
22.1, -3.65375559915654
22.2, -4.336382830124764
22.3, -3.3743008801503658
22.4, -3.80604841939518
22.5, -4.706199295115571
22.6, -4.159516357640169
22.7, -3.3412275443205437
22.8, -3.9938021347072614
22.9, -4.244339147572213
23, -4.12355284042355
23.1, -3.7480159622409053
23.2, -4.07349526004994
23.3, -3.4059874950115567
23.4, -4.518545080485595
23.5, -4.857478985906082
23.6, -3.6803348789001373
23.7, -4.012051434749816
23.8, -4.942227048307925
23.9, -4.493102413232504
24, -4.7405177009859045
24.1, -3.208263630948771
24.2, -3.806169092318764
24.3, -3.5245793022456424
24.4, -4.179528427338317
24.5, -5.048944893381478
24.6, -4.93159373918819
24.7, -4.486496243943272
24.8, -4.193013394250029
24.9, -4.983688045630973
25, -4.372113159630023
25.1, -3.837214045023183
25.2, -4.7931059061275825
25.3, -4.561784839882716
25.4, -4.464822260594942
25.5, -3.9867625570559198
25.6, -3.8206554372359194
25.7, -3.9232640497176354
25.8, -4.578223864153642
25.9, -4.477241854858235
26, -3.780958928450594
26.1, -4.2083464183487
26.2, -4.863720856191988
26.3, -4.003719896899428
26.4, -3.9717714801485426
26.5, -4.889451929089093
26.6, -4.350200396140887
26.7, -3.8805224238164127
26.8, -4.7372707200746
26.9, -3.9628229009891207
27, -4.76904822528393
27.1, -5.505264524680305
27.2, -4.424841891810341
27.3, -5.077952269402466
27.4, -4.119153601758968
27.5, -4.321334623400709
27.6, -4.295519938247406
27.7, -4.7931828323787995
27.8, -4.450398300946724
27.9, -4.654180491506737
28, -5.242406127271998
28.1, -4.549174591850548
28.2, -4.653700443096433
28.3, -4.737393119210739
28.4, -5.091871010087809
28.5, -5.427659181441107
28.6, -4.350466436807961
28.7, -4.355601103597277
28.8, -4.551259451973683
28.9, -4.910882564737013
29, -4.868229827741633
29.1, -4.3429754995102465
29.2, -4.078595287763402
29.3, -4.05097169964523
29.4, -4.907033396289245
29.5, -4.924801671203138
29.6, -5.273893166407843
29.7, -4.83747093083704
29.8, -5.695331793214687
29.9, -5.077134690183971
30, -4.704224527994848
30.1, -3.5585010524143814
30.2, -4.787950696078727
30.3, -4.890789937026556
30.4, -4.178258464282282
30.5, -4.732830854795505
30.6, -4.563143247995145
30.7, -4.826330095918516
30.8, -4.591767033106305
30.9, -4.632875467602216
31, -4.871081841167547
31.1, -3.69767117792172
31.2, -5.031357711774994
31.3, -3.747744992003822
31.4, -4.654822115061048
31.5, -4.696102409463509
31.6, -4.3282197052411675
31.7, -4.355469385081302
31.8, -4.60321926969503
31.9, -4.316876100129455
32, -3.8631071932540126
32.1, -4.700582921768191
32.2, -5.00901779109454
32.3, -4.180633353970508
32.4, -4.527637513728542
32.5, -4.645842462947382
32.6, -5.000867579193595
32.7, -4.027798987696267
32.8, -4.64308419167497
32.9, -5.269730622663518
33, -3.934054730335415
33.1, -4.643352038669951
33.2, -4.88793815598566
33.3, -4.284974738484845
33.4, -3.4528921157083756
33.5, -4.661049642131734
33.6, -4.480302931474025
33.7, -5.091806534760432
33.8, -4.274212326931426
33.9, -4.978055354822818
34, -4.3510854138428545
34.1, -4.515248024250586
34.2, -5.022423510550632
34.3, -4.142082110657929
34.4, -4.6510259273948
34.5, -4.100047291516433
34.6, -4.132514171782394
34.7, -4.4561750992142395
34.8, -4.94392393781245
34.9, -4.013367791999823
35, -4.2936158124043775
35.1, -3.394795916987712
35.2, -4.302914523365789
35.3, -4.44037113054782
35.4, -5.031263131217255
35.5, -4.486307763147619
35.6, -4.603555025638203
35.7, -4.777234372740464
35.8, -4.195308869525136
35.9, -4.407489289491791
36, -4.547390397687545
36.1, -3.89203552074204
36.2, -4.57155912524809
36.3, -4.87031851813255
36.4, -4.098205689075922
36.5, -4.1099287649594265
36.6, -4.613107793236859
36.7, -3.8814131689653
36.8, -4.548748421559898
36.9, -4.212790742349376
37, -4.044393975312126
37.1, -4.033648257731561
37.2, -4.487608073487465
37.3, -4.261932040362096
37.4, -3.52220305756394
37.5, -4.393243755755939
37.6, -3.5051187292584824
37.7, -4.160382914150975
37.8, -5.069451068281731
37.9, -4.36779287716183
38, -3.7461410790003553
38.1, -4.205472942083414
38.2, -5.261666927160545
38.3, -4.111037798002784
38.4, -3.8150016734093417
38.5, -4.135520941949412
38.6, -4.559825889536754
38.7, -4.165188157745558
38.8, -4.284612382032997
38.9, -4.317626973712966
39, -3.344894886126992
39.1, -4.752228170875896
39.2, -3.8138249866369156
39.3, -4.295036466799047
39.4, -4.257492964959257
39.5, -3.9284125846194016
39.6, -4.0702194261279026
39.7, -3.9405590212364703
39.8, -4.114380687868898
39.9, -4.448613853222107
40, -4.52826124286176
40.1, -4.592859510539267
40.2, -4.966851290343622
40.3, -5.053197114077725
40.4, -4.279680368130887
40.5, -4.628751366539737
40.6, -4.491981486036921
40.7, -4.610570023436767
40.8, -4.2992125263150625
40.9, -4.0166524843860625
41, -4.444275850924175
41.1, -4.742835636157907
41.2, -4.932733089032094
41.3, -4.165175133588156
41.4, -3.68454536116815
41.5, -4.3599198865572735
41.6, -3.951233807617357
41.7, -4.085711676633727
41.8, -4.197270298196533
41.9, -5.076597173079999
42, -4.446513436825303
42.1, -4.563482510182523
42.2, -4.106268548192367
42.3, -4.382385974023821
42.4, -3.4134600819111878
42.5, -4.000052155180677
42.6, -5.035544026780746
42.7, -4.356986127809482
42.8, -3.950974167323663
42.9, -4.8490765948328685
43, -3.0488109782815425
43.1, -4.638395562616666
43.2, -3.78465338797554
43.3, -4.624220321770162
43.4, -4.21821488258942
43.5, -4.163934100168394
43.6, -4.889860544818816
43.7, -4.442380115256362
43.8, -3.492657622738163
43.9, -4.692851460407836
44, -4.187767058382779
44.1, -3.7679964893535476
44.2, -4.25253434655672
44.3, -4.143185946714551
44.4, -4.6375595594035826
44.5, -3.708402086578476
44.6, -3.8442657291390656
44.7, -4.688063604688895
44.8, -3.7557905892779084
44.9, -4.3182193176380625
45, -3.411532127178074
45.1, -3.7305238196086568
45.2, -4.653163447323043
45.3, -4.5714105666198055
45.4, -4.043935081934978
45.5, -4.281739007376116
45.6, -4.81099865347003
45.7, -4.679947735578682
45.8, -4.244813764087958
45.9, -4.077059826310947
46, -3.8319628203921225
46.1, -3.4706338307753777
46.2, -3.5985017349023027
46.3, -3.9365708262639916
46.4, -4.436564536695892
46.5, -3.1738965506809502
46.6, -4.415051530135004
46.7, -3.893971341747154
46.8, -4.5714639579832745
46.9, -4.378588920763562
47, -3.7350939549024007
47.1, -4.276399981227001
47.2, -3.6659077223191563
47.3, -3.780975780294758
47.4, -4.018619993763737
47.5, -3.5415748103893785
47.6, -3.5705664776470174
47.7, -4.10630777067042
47.8, -4.215154650516344
47.9, -4.62657672548341
48, -3.7781238935504935
48.1, -4.097301623868165
48.2, -3.9428712444540475
48.3, -4.32617758966233
48.4, -4.876567231458184
48.5, -4.127812161625781
48.6, -3.612003272486217
48.7, -4.301960769337218
48.8, -4.090667030512892
48.9, -4.1869578970391155
49, -4.018309566711837
49.1, -3.675818904261564
49.2, -2.9612426503129607
49.3, -3.3631146057669086
49.4, -4.24952243358484
49.5, -4.232467872800181
49.6, -4.1191792915692425
49.7, -3.7368055689575437
49.8, -4.160017201511497
49.9, -2.985584270468968
50, -3.877252274471279
50.1, -3.843394030355875
50.2, -3.5356827401451527
50.3, -4.047215758024932
50.4, -4.161978831896427
50.5, -3.7020388288777353
50.6, -4.40335655084238
50.7, -4.071659969090758
50.8, -3.6734738671991884
50.9, -3.2972763241199416
51, -3.6833796376862695
51.1, -3.468606247433219
51.2, -4.077245917499789
51.3, -3.4895540202569735
51.4, -3.9566379374581975
51.5, -4.093999648847907
51.6, -3.6537409956616886
51.7, -3.6563466078756615
51.8, -2.524897744327793
51.9, -3.6731774065590668
52, -3.725058712748388
52.1, -3.1348473934068326
52.2, -3.7844947995268683
52.3, -3.5662478903221917
52.4, -3.588698821353631
52.5, -3.8515504330855794
52.6, -3.010295496319978
52.7, -4.228070575884121
52.8, -4.449872898155065
52.9, -3.264789725959622
53, -4.118389265068469
53.1, -3.3177949384528342
53.2, -3.990897382546755
53.3, -3.7107925338350425
53.4, -4.177289631706119
53.5, -3.7968014305976725
53.6, -4.003076808446722
53.7, -3.3816274204594365
53.8, -3.9934541451589705
53.9, -4.067832354409535
54, -3.521328984292127
54.1, -3.744040016967284
54.2, -3.8408394798435785
54.3, -3.287664712341412
54.4, -3.1079290686002983
54.5, -3.492973659213854
54.6, -3.823969133920284
54.7, -3.3476620689233694
54.8, -3.2794147813513206
54.9, -3.598972435203885
55, -3.40461664745347
55.1, -4.48625319108795
55.2, -3.7867204140457376
55.3, -4.136477356983551
55.4, -3.754726071146024
55.5, -3.7649942769024793
55.6, -3.4833559404208216
55.7, -3.9044429680251183
55.8, -3.7454738914220083
55.9, -3.7680495099134856
56, -3.085328634542947
56.1, -4.368555719616039
56.2, -4.087962042193394
56.3, -3.3172015523298906
56.4, -3.5773210897440535
56.5, -3.6073990979633335
56.6, -4.354935360169021
56.7, -3.3754880362362414
56.8, -3.9254668136426214
56.9, -3.713831283404972
57, -4.124683026523536
57.1, -3.4479824858690473
57.2, -3.1041777466380034
57.3, -3.9897468417129187
57.4, -3.065515427334296
57.5, -3.48872598018934
57.6, -2.925492617514901
57.7, -3.6857426600027665
57.8, -3.0362506949136385
57.9, -2.872074658095438
58, -3.4241237447607227
58.1, -3.2205811307105066
58.2, -3.363016768235315
58.3, -3.794241983503267
58.4, -3.898176350768048
58.5, -4.092270654537857
58.6, -2.921818458565356
58.7, -3.635271472485745
58.8, -3.4751746110860715
58.9, -4.465227362716731
59, -4.163941993754093
59.1, -4.207994175898105
59.2, -3.213895432981958
59.3, -3.3165996136033757
59.4, -3.3883821428112135
59.5, -3.5529213178371633
59.6, -4.650591177535846
59.7, -3.5832948356655177
59.8, -3.6551395432491796
59.9, -3.8052465582303148
60, -4.288260830479976
60.1, -3.7850712007388374
60.2, -3.617015827512304
60.3, -3.182690280090166
60.4, -4.0440676545851035
60.5, -3.7089184846700207
60.6, -3.4732656216329145
60.7, -3.406466988100269
60.8, -3.3832110374140165
60.9, -3.9644516938685377
61, -3.5520063243171993
61.1, -3.8875233961925555
61.2, -3.1322481699559437
61.3, -4.064180222454233
61.4, -3.7680818377711884
61.5, -3.5705824937312793
61.6, -3.411858721584999
61.7, -1.8875329440527608
61.8, -3.4820292101705443
61.9, -3.1883573552921276
62, -3.405116391078671
62.1, -3.091571762609729
62.2, -3.880595389961462
62.3, -4.007900885260441
62.4, -2.8711532188631725
62.5, -2.933808109606928
62.6, -3.284708885678726
62.7, -3.6889343353337587
62.8, -3.5417329980105268
62.9, -3.0770166325253956
63, -3.910545721180288
63.1, -3.802499323705019
63.2, -3.1581544551559757
63.3, -3.672179953208044
63.4, -4.06779841100266
63.5, -3.4445805322538576
63.6, -3.7040613589966185
63.7, -3.5244580626295883
63.8, -4.027259105518481
63.9, -3.677718592484156
64, -3.630457188900098
64.1, -3.37804879751083
64.2, -3.7685537551979746
64.3, -3.536568231051043
64.4, -2.61468672625094
64.5, -3.52183383882896
64.6, -3.4687793625072576
64.7, -2.671498042666371
64.8, -3.425740738960982
64.9, -3.8817432981918882
65, -4.583349140521394
65.1, -4.060792691832476
65.2, -3.8645632429559407
65.3, -3.392929949353899
65.4, -3.9643159744391827
65.5, -3.495545266176314
65.6, -3.5199124272168
65.7, -3.1906708065813274
65.8, -2.85246117605211
65.9, -2.9923924270153033
66, -3.930701511332645
66.1, -3.551726180133798
66.2, -3.112016139030579
66.3, -3.0068459608704257
66.4, -2.472504774643212
66.5, -3.407422153464519
66.6, -3.372154448903781
66.7, -4.047460979432152
66.8, -3.2176379113806717
66.9, -3.76412817625568
67, -2.7258548097913535
67.1, -2.9193454548369533
67.2, -3.005835313000197
67.3, -3.6672232127796396
67.4, -3.8583291717789336
67.5, -2.7525212775130434
67.6, -3.9130912079797127
67.7, -2.327485643038927
67.8, -3.2111474654631196
67.9, -3.0663892576668843
68, -3.7992068994551214
68.1, -2.8350425832818757
68.2, -3.4510628085346005
68.3, -3.6907216691145455
68.4, -3.7025994948800967
68.5, -3.3307381912506724
68.6, -3.1520882427375287
68.7, -2.8219594171495412
68.8, -3.185916325141269
68.9, -3.307648572697163
69, -3.380585414253843
69.1, -2.993927451648916
69.2, -3.264887669467958
69.3, -3.375828068361271
69.4, -4.041868661702199
69.5, -3.195339142786224
69.6, -4.05873993567843
69.7, -3.1631655193735524
69.8, -3.233083415158519
69.9, -2.4343581733568196
70, -2.91483755653828
70.1, -3.6761675440929116
70.2, -3.8269493460786945
70.3, -3.417283844248762
70.4, -2.6744193709062687
70.5, -3.624967035795956
70.6, -3.3499159470207016
70.7, -3.645967402626564
70.8, -2.8539055316621496
70.9, -2.870695922845641
71, -2.5966332737620026
71.1, -3.1070464854906636
71.2, -3.377198935666239
71.3, -3.2398060534878574
71.4, -3.8441435915140447
71.5, -3.3755971906533255
71.6, -3.4857882348625124
71.7, -3.0483677938961655
71.8, -2.710528039214957
71.9, -3.5911699348237063
72, -2.998600731986751
72.1, -3.988031966374367
72.2, -3.240356526061506
72.3, -2.940102809999856
72.4, -2.8291599717065887
72.5, -2.846798007664896
72.6, -3.1190575000009493
72.7, -3.08539911401605
72.8, -2.665852815095962
72.9, -3.754370530987905
73, -2.826262246324182
73.1, -2.37839834335147
73.2, -2.577519256932244
73.3, -3.6575630728481916
73.4, -3.011231841092256
73.5, -3.33803276297402
73.6, -2.8861834135531517
73.7, -3.1627662428856844
73.8, -3.3052375025010132
73.9, -3.5821842541183377
74, -3.241478742519492
74.1, -3.331585533848316
74.2, -3.503059318825841
74.3, -2.7869814119440783
74.4, -3.9389290922380154
74.5, -3.186473707852539
74.6, -3.3455194546756086
74.7, -3.829551126344055
74.8, -3.1788439398189006
74.9, -2.543318963615558
75, -3.8278613055236446
75.1, -3.881999565945926
75.2, -4.320344119920094
75.3, -3.452378906618907
75.4, -3.6730532344685862
75.5, -3.770216589594258
75.6, -2.700489700423563
75.7, -3.8348096358262644
75.8, -3.188086427550629
75.9, -3.8509218247067842
76, -3.8309412086993957
76.1, -3.113199672420343
76.2, -2.9105163093315105
76.3, -3.421413092847736
76.4, -3.6313217251341734
76.5, -2.8256665482574683
76.6, -3.1662683591965015
76.7, -3.88256500405464
76.8, -3.5471539727349306
76.9, -3.9364898954774983
77, -3.136183390312003
77.1, -3.9004840230143603
77.2, -3.395762722045229
77.3, -4.4748176866596445
77.4, -3.0749987839534025
77.5, -3.746080095975425
77.6, -3.8895709951983988
77.7, -3.6835522075922653
77.8, -4.040524541177939
77.9, -3.3541140275235466
78, -3.7724218653935613
78.1, -4.182224514151334
78.2, -3.8427284754919375
78.3, -2.996182743856209
78.4, -3.3535112922540216
78.5, -4.187973031207033
78.6, -4.50234463134117
78.7, -4.049384560198832
78.8, -3.796587496912244
78.9, -2.9488939696191987
79, -4.202861657507581
79.1, -3.68646239677064
79.2, -3.7301175622030835
79.3, -3.65459443226569
79.4, -3.7688202569074196
79.5, -3.746463438531849
79.6, -3.299061067290091
79.7, -3.582584900760073
79.8, -3.79589391038762
79.9, -3.8503853392704186
80, -3.6384840703116383
80.1, -4.017353165555075
80.2, -3.9131093814024553
80.3, -4.26668812858591
80.4, -4.104903706031444
80.5, -3.117108780718699
80.6, -3.8757570141498543
80.7, -4.128048808637202
80.8, -3.8242731962687486
80.9, -3.8489719477719353
81, -4.020013256321538
81.1, -4.172695422846466
81.2, -3.152861432246016
81.3, -3.795882529313498
81.4, -3.426412808724561
81.5, -3.368168640620418
81.6, -4.849304052643061
81.7, -3.2771759877988202
81.8, -3.2526476752156146
81.9, -3.7840673375430978
82, -3.1597416967548204
82.1, -3.6962412643826412
82.2, -3.394406174784127
82.3, -3.066906338301503
82.4, -4.244295739090669
82.5, -3.4400470999452772
82.6, -3.763591076717645
82.7, -3.846004911815526
82.8, -3.2860515665333896
82.9, -4.251141795279385
83, -3.5024659844262476
83.1, -2.4106568042899887
83.2, -3.719608773947403
83.3, -3.8187795514045053
83.4, -3.961323221684579
83.5, -3.476804681846814
83.6, -3.314554615726362
83.7, -3.0843418421457676
83.8, -3.4638067907459056
83.9, -2.70094698021158
84, -3.2869223563243386
84.1, -3.372702718196787
84.2, -3.2716427726048805
84.3, -3.8211376175262246
84.4, -3.127916558005539
84.5, -3.5250987519782164
84.6, -3.290230863487236
84.7, -3.665441660739664
84.8, -3.853212581322509
84.9, -3.0000146290538474
85, -2.6836524203318315
85.1, -2.8440472094319027
85.2, -3.169503820210944
85.3, -3.306396192665656
85.4, -3.441478888600555
85.5, -3.23635021486073
85.6, -3.2645270815145815
85.7, -3.934730883817233
85.8, -2.656660792393988
85.9, -2.972589469014893
86, -3.8446459424459376
86.1, -3.3370097490276365
86.2, -3.29835255347475
86.3, -3.832389797767895
86.4, -2.3548183311710207
86.5, -3.2336102035246057
86.6, -3.5822917028998544
86.7, -3.1693045646113776
86.8, -3.3754416009481236
86.9, -3.530763426586016
87, -3.058796543532131
87.1, -3.584309424481027
87.2, -3.0922540538292997
87.3, -2.3284439004213238
87.4, -3.630286195978883
87.5, -3.936817794943678
87.6, -2.9303096905287775
87.7, -4.135854798071109
87.8, -2.8846373205275397
87.9, -3.155527102225482
88, -2.9628076064753404
88.1, -2.9369444840205956
88.2, -2.8067550151600167
88.3, -2.9963390252997932
88.4, -3.1228149375074006
88.5, -2.933762370688209
88.6, -2.799129354789698
88.7, -3.2299005441911457
88.8, -3.1784319757367268
88.9, -3.6556767358180444
89, -2.8120360423318167
89.1, -2.599561662664842
89.2, -3.161317918075707
89.3, -3.359361221611318
89.4, -3.0784447343796484
89.5, -3.15316982770642
89.6, -2.7087756993960275
89.7, -3.241488157122931
89.8, -3.372916757537729
89.9, -3.338249114777758
90, -3.5664811458532646
90.1, -2.6976050311379582
90.2, -2.2490003163808465
90.3, -2.49485250069084
90.4, -2.3800109579907858
90.5, -3.634739932308045
90.6, -2.933859912192914
90.7, -3.355377006145396
90.8, -3.9168120054724183
90.9, -3.043709588571014
91, -3.2584716910085962
91.1, -3.2875869324707563
91.2, -2.6242373862938027
91.3, -2.889448435950674
91.4, -2.8667018741119197
91.5, -2.9593727252261015
91.6, -2.42072292995235
91.7, -3.051730922882445
91.8, -2.595660023482901
91.9, -3.0490833392923182
92, -3.2236394716202366
92.1, -3.074018393788864
92.2, -3.78192840445848
92.3, -2.358818061706245
92.4, -3.2328122895949667
92.5, -3.510389429330967
92.6, -4.071401950722962
92.7, -2.865452068560884
92.8, -3.683073853451498
92.9, -3.098938568872473
93, -2.919427767342393
93.1, -3.498013863148086
93.2, -3.207473095102197
93.3, -3.1071639952903882
93.4, -2.9452766050411276
93.5, -2.973507737854118
93.6, -3.075840281344745
93.7, -2.876286757621244
93.8, -3.3993675742114897
93.9, -3.942493020355451
94, -3.4840847113609414
94.1, -2.7536711313364255
94.2, -3.5347163046499435
94.3, -3.037892165122233
94.4, -2.9748746010695273
94.5, -3.953060421062746
94.6, -2.5591655944116676
94.7, -2.8178183295703265
94.8, -3.2332412481485098
94.9, -3.5574796943168465
95, -3.274382543253827
95.1, -3.365564294350822
95.2, -2.7674291577067396
95.3, -2.83840087280883
95.4, -3.723257096877978
95.5, -3.1675923476017185
95.6, -2.674328035313876
95.7, -2.809514056203807
95.8, -3.1174498209330417
95.9, -3.41825764949526
96, -3.276434170918139
96.1, -3.371868287596264
96.2, -2.701252002247613
96.3, -3.1676100368732008
96.4, -3.569983538127533
96.5, -3.815903023502822
96.6, -2.834188409630471
96.7, -3.300823189938482
96.8, -2.9556631326569143
96.9, -3.5017780109990753
97, -2.7203366495844037
97.1, -2.7888613343839856
97.2, -3.0511931474681644
97.3, -3.128700390927668
97.4, -3.0636143580018946
97.5, -2.203680871389903
97.6, -2.8777773318820716
97.7, -2.3307996882512914
97.8, -3.5778217264600576
97.9, -3.905050635569153
98, -3.07338126924054
98.1, -3.914060570819087
98.2, -2.733469882079478
98.3, -3.2547641262031575
98.4, -3.1020332820809946
98.5, -3.0343185999052755
98.6, -3.736978732438798
98.7, -2.4577874341261023
98.8, -3.2893318534610345
98.9, -3.236874242988328
99, -3.0764118679325
99.1, -3.114304874983078
99.2, -3.700375288862968
99.3, -3.634558718683877
99.4, -2.4852479934248906
99.5, -2.772089358614177
99.6, -2.9004354285042497
99.7, -3.211737436420452
99.8, -3.5795106017654197
99.9, -3.07215077068998
100, -3.212658214196324
