0, -0.03178729623298764
0.1, -0.2971954845722721
0.2, 0.5329855295851998
0.3, 0.48918373005011934
0.4, 0.3065627318002736
0.5, 0.31596210789932755
0.6, -0.02788780166241745
0.7, 0.5173525969345744
0.8, 0.037868985073248186
0.9, -0.8491043260798056
1, -0.2713107247224792
1.1, 0.4273940012815654
1.2, 0.2742472665705474
1.3, -0.1537152959815346
1.4, 0.6408122236432993
1.5, 0.3152212152958145
1.6, -0.45085874733525333
1.7, 0.13229554540549956
1.8, -0.11659035183790517
1.9, -0.171169524982798
2, 0.06511332088381434
2.1, 0.1001002565398254
2.2, -0.4320996338473266
2.3, 0.3179324826270191
2.4, -0.04038755013584297
2.5, 0.9328001588960569
2.6, 0.1906996602540295
2.7, 0.5459496960274826
2.8, 0.11991982102136288
2.9, 0.22712984118269017
3, -0.09825666798159431
3.1, 0.19534905881069906
3.2, 0.03420373061126772
3.3, -0.9479990394440687
3.4, -0.2858805559513786
3.5, -0.66932914220216
3.6, 0.8015373857121759
3.7, 0.3445352845476306
3.8, -0.028065345512080078
3.9, 0.14177637845447996
4, -0.8851212248766155
4.1, 0.04016455913104117
4.2, -0.9976409303481262
4.3, 0.6013902471685311
4.4, 0.09953215867173834
4.5, 0.204827367888655
4.6, -0.17396200455983787
4.7, 0.2714271921916286
4.8, 0.35692058754580924
4.9, -0.43825010337741305
5, -0.2135360194857685
5.1, 0.7190246912558236
5.2, 0.2732822742034464
5.3, -0.2026985874194037
5.4, 0.8149770051786026
5.5, 0.1093935633706534
5.6, 0.24238864268364016
5.7, 0.07393421861772818
5.8, -0.272918036372773
5.9, 0.31264193082061204
6, 0.046550305118124996
6.1, 0.016477776732880887
6.2, -0.14977624682768062
6.3, -0.39755032928066747
6.4, -0.4029357194974395
6.5, -0.4473451215667108
6.6, -0.11970539948902173
6.7, -0.2096230497160166
6.8, -0.20181396382887024
6.9, 0.2501689361517279
7, -0.30590831911362504
7.1, -0.528454816457824
7.2, 0.047165367479212725
7.3, -0.1628302740417048
7.4, -0.7104518252046862
7.5, 0.573707581559204
7.6, 0.5933525570079108
7.7, 0.12170928911780837
7.8, -0.21695186793574614
7.9, 0.5190836594906857
8, -0.6319023006765389
8.1, -0.38269050585078357
8.2, -0.4020482959656633
8.3, 0.10083971060800338
8.4, -0.07801317854508164
8.5, -0.23231533748008706
8.6, -0.4340399540642304
8.7, 0.1551003628951381
8.8, -0.5609318048605587
8.9, -0.11267325641725526
9, -0.25511908461340227
9.1, 0.10369566466938927
9.2, -0.5402329126647067
9.3, -0.4508459610125513
9.4, -0.10983201482703056
9.5, -0.266679234492508
9.6, -1.0927794651924796
9.7, -0.1492212071136883
9.8, 0.17015683897073028
9.9, -1.174583772293454
10, 0.2519521175983938
10.1, -0.7080441152464246
10.2, -0.6055704944347265
10.3, 0.1421447390377663
10.4, -0.014399711107791183
10.5, -0.7520443211826358
10.6, 0.33791102413210317
10.7, -1.0708909316188668
10.8, -0.48913972016904234
10.9, -0.42806124874687956
11, -0.7963718816609023
11.1, -0.9927318758104529
11.2, -0.32802783501487115
11.3, -0.39195373838350245
11.4, -0.9384641893910654
11.5, -1.2574277767571982
11.6, -1.3775766160923515
11.7, -0.9614733822590404
11.8, -0.09892737804212784
11.9, -1.1159717003866825
12, -1.1569474536235254
12.1, -0.13558866167666667
12.2, -0.13284659560002443
12.3, -0.4860050240563848
12.4, -0.7883734639035218
12.5, -0.8899117730771812
12.6, -0.7279595988312955
12.7, -0.8820021571450666
12.8, -0.9908433462567774
12.9, -0.3045951650492827
13, -0.8642336460130187
13.1, -1.1991008242707877
13.2, -1.65394029139407
13.3, -1.3244159873249888
13.4, -2.074428474791615
13.5, -1.116942984367629
13.6, -1.4258967661835387
13.7, -1.3192419364328076
13.8, -1.8481817013084878
13.9, -1.6548155012160193
14, -1.6431377108077811
14.1, -1.4658728730362864
14.2, -1.5551204468749023
14.3, -0.9999404436866111
14.4, -2.269487878821716
14.5, -1.5385474690087604
14.6, -2.224432977613805
14.7, -2.08972685320665
14.8, -1.1647780238600587
14.9, -2.512190173220511
15, -1.7209030427174137
15.1, -2.2829827486940486
15.2, -1.565975040909972
15.3, -2.5126244660107466
15.4, -2.2497146023187407
15.5, -2.0571718988928773
15.6, -2.515115332743595
15.7, -2.7159842006304595
15.8, -1.8329002476836052
15.9, -2.5768095352017224
16, -2.2212692119495716
16.1, -2.006354246112886
16.2, -2.1616844017067094
16.3, -2.888794936018178
16.4, -2.029552516650584
16.5, -1.702730080722471
16.6, -2.0373175212128243
16.7, -2.525293468788975
16.8, -2.4732386946629163
16.9, -2.375396748192256
17, -2.0560567592437624
17.1, -2.376551527841
17.2, -3.3733553953895212
17.3, -2.0640762245078084
17.4, -2.6621402378608408
17.5, -2.8112890250172993
17.6, -2.7198004104339546
17.7, -2.224872424488076
17.8, -2.724947056672509
17.9, -2.446134418793157
18, -2.713431644641654
18.1, -2.847169915646646
18.2, -3.191993223366582
18.3, -2.2646241502402247
18.4, -2.401537286637703
18.5, -2.6342064674438275
18.6, -2.6820565801753022
18.7, -2.4876333828461683
18.8, -2.5260032594413566
18.9, -3.036427600586506
19, -3.205353414424656
19.1, -1.931776026470116
19.2, -2.198749463425658
19.3, -2.883103584824632
19.4, -3.002587861202942
19.5, -2.885960488943202
19.6, -2.322478258235882
19.7, -3.1518372527490874
19.8, -3.2214892606641934
19.9, -2.6723559597675375
20, -1.6812810080731286
20.1, -2.4922527723423107
20.2, -2.560093871146086
20.3, -3.197618292094367
20.4, -3.337881429571871
20.5, -3.25961807840648
20.6, -2.985867171583682
20.7, -2.580806145936679
20.8, -2.969317199098061
20.9, -3.0861075706091277
21, -3.5459924396247997
21.1, -3.2387262631613725
21.2, -2.9128551863476093
21.3, -2.039888591553522
21.4, -2.998645780257593
21.5, -3.077298362707559
21.6, -3.6762502491481213
21.7, -2.976573659147132
21.8, -3.261341601113326
21.9, -2.9624316218502402
22, -3.544887631732803
22.1, -3.7605191685708994
22.2, -3.2957945263909494
22.3, -3.844222194987161
22.4, -3.2045903031720733
22.5, -4.248114611194154
22.6, -3.522268178412224
22.7, -3.285065150356924
22.8, -3.839306090700236
22.9, -3.625698798184042
23, -3.071994563765058
23.1, -3.293088671750806
23.2, -3.431293477914299
23.3, -4.2163577201328355
23.4, -4.232518112731037
23.5, -3.416229681530052
23.6, -4.326355734085587
23.7, -3.274150272921494
23.8, -3.524505195122808
23.9, -3.2041686378039556
24, -3.265408692687021
24.1, -3.955325937172128
24.2, -3.241245230524209
24.3, -3.069610424204505
24.4, -3.057679964330239
24.5, -4.104867379098758
24.6, -3.5622103883589658
24.7, -3.244119871279656
24.8, -3.4679174443069845
24.9, -4.202403988725809
25, -4.034176462319372
25.1, -3.7045741676108865
25.2, -3.0898984096081885
25.3, -3.6741748078264123
25.4, -3.721517668576775
25.5, -3.4104618147178716
25.6, -3.9260592727044483
25.7, -3.0365745746001043
25.8, -3.930725295355306
25.9, -3.8042596258672043
26, -3.6931007233143003
26.1, -3.6270362040005035
26.2, -3.896704145106224
26.3, -3.213389005025434
26.4, -3.9645899551075994
26.5, -3.9673674912001244
26.6, -3.47797746252566
26.7, -4.469664519147282
26.8, -3.2413290866918882
26.9, -4.139391921227961
27, -4.148859206663597
27.1, -4.233041772135897
27.2, -3.578235404860635
27.3, -3.5986034531232973
27.4, -3.4667698016693675
27.5, -4.284075576830082
27.6, -3.9605277585285976
27.7, -4.0358406437448915
27.8, -4.276645739432301
27.9, -3.9288000537377585
28, -3.6821341972064214
28.1, -4.025728512163413
28.2, -3.3492867964323176
28.3, -3.4421028990826867
28.4, -3.1663596291956404
28.5, -4.452262224960916
28.6, -3.7062501216793393
28.7, -4.162294670217304
28.8, -3.873187124934793
28.9, -3.702714133899725
29, -3.143423791877705
29.1, -3.764796581734788
29.2, -4.3847098006500795
29.3, -3.8685438913256673
29.4, -4.168178031090512
29.5, -3.9500752179535774
29.6, -3.5211244630334817
29.7, -4.359607771351558
29.8, -3.608370170747242
29.9, -3.1363580036671403
30, -4.2871301295549165
30.1, -3.866353764437804
30.2, -3.6386531340213857
30.3, -3.2019544831369617
30.4, -4.736062376392529
30.5, -3.94208134542986
30.6, -4.164632928438358
30.7, -3.8217257768947426
30.8, -4.0413978111460915
30.9, -4.407930204808157
31, -3.039823580099994
31.1, -5.212234707102632
31.2, -3.9271651054905115
31.3, -3.38