103 976 0
 103 977 0
 103 978 0
 103 979 0
 103 980 0
 103 981 0
 103 982 0
 103 983 0
 103 984 0
 103 985 0
 103 986 0
 103 987 0
 103 988 0
 103 989 0
 103 990 0
 103 991 0
 103 992 0
 103 993 0
 103 994 0
 103 995 0
 103 996 0
 103 997 0
 103 998 0
 103 999 0
 103 1000 0
 103 1001 0
 103 1002 0
 103 1003 0
 103 1004 0
 103 1005 0
 103 1006 0
 103 1007 0
 103 1008 0
 103 1009 0
 103 1010 0
 103 1011 0
 103 1012 0
 103 1013 0
 103 1014 0
 103 1015 0
 103 1016 0
 103 1017 0
 103 1018 0
 103 1019 0
 103 1020 0
 103 1021 0
 103 1022 0
 103 1023 0
 103 1024 0
 103 1025 0
 103 1026 0
 103 1027 0
 103 1028 0
 103 1029 0
 103 1030 0
 103 1031 0
 103 1032 0
 103 1033 0
 103 1034 0
 103 1035 0
 103 1036 0
 103 1037 0
 103 1038 0
 103 1039 0
 103 1040 0
 103 1041 0
 103 1042 0
 103 1043 0
 103 1044 0
 103 1045 0
 103 1046 0
 103 1047 0
 103 1048 0
 103 1049 0
 103 1050 0
 103 1051 0
 103 1052 2
 103 1053 2
 103 1054 2
 103 1055 2
 103 1056 2
 103 1057 2
 103 1058 2
 103 1059 2
 103 1060 2
 103 1061 2
 103 1062 2
 103 1063 2
 103 1064 2
 103 1065 2
 103 1066 2
 103 1067 2
 103 1068 2
 103 1069 2
 103 1070 2
 105 976 0
 105 977 0
 105 978 0
 105 979 0
 105 980 0
 105 981 0
 105 982 0
 105 983 0
 105 984 0
 105 985 0
 105 986 0
 105 987 0
 105 988 0
 105 989 0
 105 990 0
 105 991 0
 105 992 0
 105 993 0
 105 994 0
 105 995 0
 105 996 0
 105 997 0
 105 998 0
 105 999 0
 105 1000 0
 105 1001 0
 105 1002 0
 105 1003 0
 105 1004 0
 105 1005 0
 105 1006 0
 105 1007 0
 105 1008 0
 105 1009 0
 105 1010 0
 105 1011 0
 105 1012 0
 105 1013 0
 105 1014 0
 105 1015 0
 105 1016 0
 105 1017 0
 105 1018 0
 105 1019 0
 105 1020 0
 105 1021 0
 105 1022 0
 105 1023 0
 105 1024 0
 105 1025 0
 105 1026 0
 105 1027 0
 105 1028 0
 105 1029 0
 105 1030 0
 105 1031 0
 105 1032 0
 105 1033 0
 105 1034 0
 105 1035 0
 105 1036 0
 105 1037 0
 105 1038 0
 105 1039 0
 105 1040 0
 105 1041 0
 105 1042 0
 105 1043 0
 105 1044 0
 105 1045 0
 105 1046 0
 105 1047 0
 105 1048 0
 105 1049 0
 105 1050 0
 105 1051 0
 105 1052 2
 105 1053 2
 105 1054 2
 105 1055 2
 105 1056 2
 105 1057 2
 105 1058 2
 105 1059 2
 105 1060 2
 105 1061 2
 105 1062 2
 105 1063 2
 105 1064 2
 105 1065 2
 105 1066 2
 105 1067 2
 105 1068 2
 105 1069 2
 105 1070 2
 106 295 2
 106 299 2
 106 304 2
 106 305 2
 106 768 0
 106 793 0
 106 827 0
 106 1831 2
 106 1833 2
 107 294 2
 107 296 2
 107 300 2
 107 302 2
 107 303 2
 107 306 2
 107 764 0
 107 765 0
 107 766 0
 107 767 0
 107 769 0
 107 770 0
 107 771 0
 107 772 0
 107 773 0
 107 774 0
 107 775 0
 107 776 0
 107 777 0
 107 778 0
 107 779 0
 107 780 0
 107 781 0
 107 782 0
 107 783 0
 107 784 0
 107 785 0
 107 786 0
 107 787 0
 107 788 0
 107 789 0
 107 790 0
 107 791 0
 107 794 0
 107 795 0
 107 796 0
 107 798 0
 107 799 0
 107 800 0
 107 801 0
 107 802 0
 107 804 0
 107 805 0
 107 806 0
 107 809 0
 107 810 0
 107 812 0
 107 813 0
 107 814 0
 107 815 0
 107 816 0
 107 817 0
 107 818 0
 107 819 0
 107 820 0
 107 821 0
 107 822 0
 107 823 0
 107 824 0
 107 825 0
 107 829 0
 107 830 0
 107 831 0
 107 832 0
 107 833 0
 107 834 0
 107 835 0
 107 836 0
 107 838 0
 107 839 0
 107 840 0
 107 841 0
 107 842 0
 107 843 0
 107 844 0
 107 845 0
 107 846 0
 107 847 0
 107 848 0
 107 849 0
 107 851 0
 107 852 0
 107 853 0
 107 854 0
 107 855 0
 107 856 0
 107 857 0
 107 858 0
 107 859 0
 107 860 0
 107 861 0
 107 862 0
 107 863 0
 107 864 0
 107 865 0
 107 866 0
 107 867 0
 107 868 0
 107 869 0
 107 870 0
 107 871 0
 107 872 0
 107 873 0
 107 874 0
 107 875 0
 107 876 0
 107 877 0
 107 878 0
 107 879 0
 107 880 0
 107 881 0
 107 882 0
 107 883 0
 107 884 0
 107 885 0
 107 886 0
 107 887 0
 107 888 0
 107 889 0
 107 890 0
 107 891 0
 107 893 0
 107 894 0
 107 899 0
 107 900 0
 107 901 0
 107 902 0
 107 903 0
 107 904 0
 107 905 0
 107 906 0
 107 908 0
 107 909 0
 107 910 0
 107 911 0
 107 912 0
 107 913 0
 107 914 0
 107 915 0
 107 916 0
 107 917 0
 107 918 0
 107 919 0
 107 920 0
 107 921 0
 107 922 0
 107 923 0
 107 924 0
 107 925 0
 107 976 0
 107 978 0
 107 979 0
 107 980 0
 107 981 0
 107 982 0
 107 983 0
 107 984 0
 107 986 0
 107 988 0
 107 991 0
 107 992 0
 107 993 0
 107 995 0
 107 997 0
 107 999 0
 107 1000 0
 107 1001 0
 107 1003 0
 107 1005 0
 107 1006 0
 107 1007 0
 107 1008 0
 107 1009 0
 107 1011 0
 107 1015 0
 107 1017 0
 107 1018 0
 107 1020 0
 107 1026 0
 107 1027 0
 107 1028 0
 107 1031 0
 107 1032 0
 107 1033 0
 107 1034 0
 107 1035 0
 107 1036 0
 107 1038 0
 107 1039 0
 107 1041 0
 107 1042 0
 107 1044 0
 107 1046 0
 107 1047 0
 107 1049 0
 107 1050 0
 107 1051 0
 107 1055 2
 107 1057 2
 107 1063 2
 107 1180 1
 107 1187 1
 107 1188 1
 107 1191 1
 107 1195 1
 107 1197 1
 107 1264 0
 107 1271 0
 107 1345 0
 107 1371 0
 107 1382 0
 107 1384 0
 107 1386 0
 107 1413 0
 107 1465 0
 107 1823 2
 107 1824 2
 107 1825 2
 107 1826 2
 107 1827 2
 107 1830 2
 107 1832 2
 107 1836 2
 107 1837 2
 108 295 2
 108 297 2
 108 298 2
 108 299 2
 108 301 2
 108 304 2
 108 768 0
 108 792 0
 108 797 0
 108 803 0
 108 807 0
 108 808 0
 108 811 0
 108 826 0
 108 828 0
 108 837 0
 108 850 0
 108 892 0
 108 895 0
 108 896 0
 108 897 0
 108 898 0
 108 907 0
 108 977 0
 108 985 0
 108 987 0
 108 989 0
 108 990 0
 108 994 0
 108 996 0
 108 998 0
 108 1002 0
 108 1004 0
 108 1010 0
 108 1012 0
 108 1013 0
 108 1014 0
 108 1016 0
 108 1019 0
 108 1021 0
 108 1022 0
 108 1023 0
 108 1024 0
 108 1025 0
 108 1029 0
 108 1030 0
 108 1037 0
 108 1040 0
 108 1043 0
 108 1045 0
 108 1048 0
 108 1052 2
 108 1053 2
 108 1054 2
 108 1056 2
 108 1058 2
 108 1059 2
 108 1060 2
 108 1061 2
 108 1062 2
 108 1064 2
 108 1065 2
 108 1066 2
 108 1067 2
 108 1068 2
 108 1069 2
 108 1070 2
 108 1106 0
 108 1107 0
 108 1117 0
 108 1181 1
 108 1184 1
 108 1190 1
 108 1192 1
 108 1200 1
 108 1203 1
 108 1252 0
 108 1256 0
 108 1257 0
 108 1269 0
 108 1272 0
 108 1275 0
 108 1278 0
 108 1286 0
 108 1288 0
 108 1294 0
 108 1299 0
 108 1306 0
 108 1307 0
 108 1311 0
 108 1312 0
 108 1316 0
 108 1323 0
 108 1324 0
 108 1332 0
 108 1333 0
 108 1337 0
 108 1340 0
 108 1348 0
 108 1350 0
 108 1355 0
 108 1385 0
 108 1387 0
 108 1388 0
 108 1392 0
 108 1401 0
 108 1412 0
 108 1416 0
 108 1428 0
 108 1434 0
 108 1437 0
 108 1449 0
 108 1455 0
 108 1458 0
 108 1462 0
 108 1475 0
 108 1831 2
 108 1833 2
 108 1835 2
 109 305 2
 109 793 0
 109 827 0
 109 979 0
 109 981 0
 109 986 0
 109 988 0
 109 993 0
 109 997 0
 109 1001 0
 109 1005 0
 109 1007 0
 109 1008 0
 109 1009 0
 109 1020 0
 109 1026 0
 109 1027 0
 109 1028 0
 109 1032 0
 109 1033 0
 109 1035 0
 109 1038 0
 109 1039 0
 109 1044 0
 109 1046 0
 109 1047 0
 109 1049 0
 109 1050 0
 109 1055 2
 109 1057 2
 109 1063 2
 109 1071 3
 109 1098 0
 109 1108 0
 109 1120 0
 109 1122 0
 109 1129 0
 109 1134 0
 109 1162 0
 109 1171 0
 109 1172 0
 109 1183 1
 109 1185 1
 109 1186 1
 109 1189 1
 109 1193 1
 109 1196 1
 109 1202 1
 109 1293 0
 109 1339 0
 109 1394 0
 109 1395 0
 109 1418 0
 109 1451 0
 109 1457 0
 109 1468 0
 110 171 2
 110 172 2
 110 173 2
 110 174 2
 110 175 2
 110 176 2
 110 177 2
 110 178 2
 110 179 2
 110 180 2
 110 182 2
 110 183 2
 110 184 2
 110 185 2
 110 186 2
 110 187 2
 110 188 2
 110 189 2
 110 190 2
 110 191 2
 110 192 2
 110 193 2
 110 194 2
 110 195 2
 110 196 2
 110 197 2
 110 198 2
 110 764 0
 110 765 0
 110 766 0
 110 767 0
 110 768 0
 110 769 0
 110 770 0
 110 771 0
 110 772 0
 110 773 0
 110 774 0
 110 775 0
 110 777 0
 110 778 0
 110 779 0
 110 780 0
 110 781 0
 110 782 0
 110 783 0
 110 784 0
 110 785 0
 110 786 0
 110 787 0
 110 788 0
 110 789 0
 110 790 0
 110 791 0
 110 792 0
 110 794 0
 110 795 0
 110 796 0
 110 797 0
 110 798 0
 110 799 0
 110 800 0
 110 801 0
 110 802 0
 110 803 0
 110 804 0
 110 805 0
 110 806 0
 110 807 0
 110 808 0
 110 809 0
 110 810 0
 110 811 0
 110 812 0
 110 813 0
 110 815 0
 110 816 0
 110 817 0
 110 818 0
 110 819 0
 110 820 0
 110 821 0
 110 822 0
 110 823 0
 110 824 0
 110 825 0
 110 826 0
 110 828 0
 110 829 0
 110 830 0
 110 831 0
 110 832 0
 110 833 0
 110 834 0
 110 835 0
 110 836 0
 110 837 0
 110 838 0
 110 839 0
 110 840 0
 110 841 0
 110 842 0
 110 843 0
 110 844 0
 110 845 0
 110 846 0
 110 847 0
 110 848 0
 110 849 0
 110 850 0
 110 851 0
 110 852 0
 110 853 0
 110 854 0
 110 855 0
 110 856 0
 110 857 0
 110 858 0
 110 859 0
 110 860 0
 110 861 0
 110 862 0
 110 863 0
 110 864 0
 110 865 0
 110 866 0
 110 867 0
 110 868 0
 110 869 0
 110 870 0
 110 871 0
 110 872 0
 110 873 0
 110 874 0
 110 875 0
 110 876 0
 110 877 0
 110 878 0
 110 879 0
 110 880 0
 110 881 0
 110 882 0
 110 883 0
 110 884 0
 110 885 0
 110 886 0
 110 887 0
 110 888 0
 110 889 0
 110 890 0
 110 891 0
 110 892 0
 110 893 0
 110 894 0
 110 895 0
 110 896 0
 110 897 0
 110 898 0
 110 899 0
 110 900 0
 110 901 0
 110 902 0
 110 903 0
 110 904 0
 110 905 0
 110 906 0
 110 907 0
 110 908 0
 110 909 0
 110 910 0
 110 912 0
 110 913 0
 110 914 0
 110 915 0
 110 916 0
 110 917 0
 110 918 0
 110 919 0
 110 920 0
 110 921 0
 110 922 0
 110 923 0
 110 924 0
 110 925 0
 110 930 2
 110 940 2
 110 953 2
 110 954 2
 110 956 2
 110 957 3
 110 958 3
 110 959 3
 110 960 3
 110 961 3
 110 962 3
 110 963 3
 110 964 3
 110 965 3
 110 966 3
 110 967 3
 110 968 3
 110 969 3
 110 970 3
 110 971 3
 110 972 3
 110 973 3
 110 974 3
 110 975 3
 110 976 0
 110 977 0
 110 978 0
 110 980 0
 110 982 0
 110 983 0
 110 984 0
 110 991 0
 110 992 0
 110 995 0
 110 999 0
 110 1000 0
 110 1003 0
 110 1006 0
 110 1011 0
 110 1012 0
 110 1015 0
 110 1016 0
 110 1017 0
 110 1018 0
 110 1019 0
 110 1024 0
 110 1031 0
 110 1034 0
 110 1036 0
 110 1037 0
 110 1041 0
 110 1042 0
 110 1051 0
 110 1086 0
 110 1087 0
 110 1090 0
 110 1091 0
 110 1093 0
 110 1094 0
 110 1103 0
 110 1105 0
 110 1109 0
 110 1110 0
 110 1111 0
 110 1113 0
 110 1115 0
 110 1116 0
 110 1119 0
 110 1121 0
 110 1123 0
 110 1124 0
 110 1126 0
 110 1127 0
 110 1132 0
 110 1133 0
 110 1140 0
 110 1142 0
 110 1143 0
 110 1147 0
 110 1149 0
 110 1150 0
 110 1158 0
 110 1161 0
 110 1164 0
 110 1166 0
 110 1168 0
 110 1169 0
 110 1170 0
 110 1174 0
 110 1175 0
 110 1176 0
 110 1178 0
 110 1182 1
 110 1194 1
 110 1199 1
 110 1201 1
 110 1255 0
 110 1258 0
 110 1263 0
 110 1280 0
 110 1282 0
 110 1283 0
 110 1284 0
 110 1291 0
 110 1304 0
 110 1305 0
 110 1308 0
 110 1310 0
 110 1318 0
 110 1325 0
 110 1328 0
 110 1335 0
 110 1344 0
 110 1347 0
 110 1361 0
 110 1364 0
 110 1370 0
 110 1375 0
 110 1380 0
 110 1398 0
 110 1407 0
 110 1409 0
 110 1422 0
 110 1423 0
 110 1424 0
 110 1425 0
 110 1426 0
 110 1436 0
 110 1447 0
 110 1459 0
 110 1460 0
 110 1463 0
 110 1473 0
 110 1688 2
 110 1689 2
 110 1690 2
 110 1691 2
 110 1692 2
 110 1693 2
 110 1694 2
 110 1695 2
 110 1696 2
 110 1697 2
 110 1698 2
 110 1699 2
 110 1700 2
 110 1701 2
 110 1702 2
 110 1703 2
 110 1704 2
 110 1705 2
 110 1706 2
 110 1707 2
 110 1708 2
 110 1709 2
 110 1710 2
 110 1711 2
 110 1828 2
 110 1829 2
 110 1834 2
 111 1 0
 111 5 0
 111 17 0
 111 23 0
 111 45 0
 111 48 0
 111 56 0
 111 57 0
 111 63 0
 111 71 0
 111 82 0
 111 85 0
 111 90 0
 111 96 0
 111 109 0
 111 113 0
 111 115 0
 111 121 0
 111 135 0
 111 141 0
 111 143 0
 111 147 0
 111 148 0
 111 166 0
 111 169 0
 111 181 2
 111 199 2
 111 200 2
 111 776 0
 111 814 0
 111 911 0
 111 926 2
 111 927 2
 111 928 2
 111 929 2
 111 931 2
 111 932 2
 111 933 2
 111 934 2
 111 935 2
 111 936 2
 111 937 2
 111 938 2
 111 939 2
 111 941 2
 111 942 2
 111 943 2
 111 944 2
 111 945 2
 111 946 2
 111 947 2
 111 948 2
 111 949 2
 111 950 2
 111 951 2
 111 952 2
 111 955 2
 111 985 0
 111 987 0
 111 989 0
 111 990 0
 111 994 0
 111 996 0
 111 998 0
 111 1002 0
 111 1004 0
 111 1010 0
 111 1013 0
 111 1014 0
 111 1021 0
 111 1022 0
 111 1023 0
 111 1025 0
 111 1029 0
 111 1030 0
 111 1040 0
 111 1043 0
 111 1045 0
 111 1048 0
 111 1085 3
 111 1088 0
 111 1089 0
 111 1092 0
 111 1095 0
 111 1096 0
 111 1097 0
 111 1099 0
 111 1100 0
 111 1104 0
 111 1106 0
 111 1107 0
 111 1117 0
 111 1118 0
 111 1125 0
 111 1128 0
 111 1131 0
 111 1135 0
 111 1137 0
 111 1138 0
 111 1139 0
 111 1141 0
 111 1144 0
 111 1146 0
 111 1148 0
 111 1151 0
 111 1152 0
 111 1153 0
 111 1154 0
 111 1155 0
 111 1156 0
 111 1157 0
 111 1159 0
 111 1160 0
 111 1163 0
 111 1165 0
 111 1167 0
 111 1173 0
 111 1177 0
 111 1192 1
 111 1195 1
 111 1198 1
 111 1200 1
 111 1528 0
 111 1533 0
 111 1552 0
 111 1555 0
 111 1586 0
 111 1591 0
 111 1597 0
 111 1599 0
 111 1600 0
 111 1602 0
 111 1603 0
 111 1610 0
 111 1614 0
 111 1623 0
 111 1625 0
 111 1627 0
 111 1628 0
 111 1637 0
 111 1640 0
 111 1643 0
 111 1645 0
 111 1653 0
 111 1655 0
 111 1660 0
 111 1662 0
 111 1663 0
 111 1664 0
 111 1665 0
 111 1672 0
 111 1676 0
 111 1687 0
 112 0 0
 112 3 0
 112 4 0
 112 6 0
 112 7 0
 112 9 0
 112 13 0
 112 14 0
 112 15 0
 112 16 0
 112 18 0
 112 22 0
 112 25 0
 112 29 0
 112 30 0
 112 37 0
 112 38 0
 112 39 0
 112 40 0
 112 49 0
 112 50 0
 112 51 0
 112 53 0
 112 54 0
 112 60 0
 112 61 0
 112 62 0
 112 65 0
 112 66 0
 112 67 0
 112 73 0
 112 76 0
 112 78 0
 112 86 0
 112 87 0
 112 93 0
 112 94 0
 112 95 0
 112 97 0
 112 99 0
 112 100 0
 112 102 0
 112 108 0
 112 110 0
 112 111 0
 112 114 0
 112 117 0
 112 119 0
 112 120 0
 112 123 0
 112 124 0
 112 126 0
 112 129 0
 112 131 0
 112 132 0
 112 134 0
 112 136 0
 112 137 0
 112 139 0
 112 140 0
 112 145 0
 112 150 0
 112 152 0
 112 153 0
 112 156 0
 112 157 0
 112 158 0
 112 167 0
 112 168 0
 112 979 0
 112 981 0
 112 986 0
 112 988 0
 112 993 0
 112 997 0
 112 1001 0
 112 1005 0
 112 1007 0
 112 1008 0
 112 1009 0
 112 1020 0
 112 1026 0
 112 1027 0
 112 1032 0
 112 1033 0
 112 1035 0
 112 1038 0
 112 1044 0
 112 1046 0
 112 1047 0
 112 1049 0
 112 1050 0
 112 1055 2
 112 1057 2
 112 1059 2
 112 1063 2
 112 1075 3
 112 1101 0
 112 1102 0
 112 1112 0
 112 1114 0
 112 1130 0
 112 1145 0
 112 1179 0
 112 1180 1
 112 1187 1
 112 1188 1
 112 1197 1
 112 1203 1
 112 1253 0
 112 1254 0
 112 1259 0
 112 1260 0
 112 1268 0
 112 1273 0
 112 1295 0
 112 1297 0
 112 1314 0
 112 1319 0
 112 1322 0
 112 1327 0
 112 1329 0
 112 1334 0
 112 1336 0
 112 1342 0
 112 1358 0
 112 1368 0
 112 1403 0
 112 1405 0
 112 1406 0
 112 1408 0
 112 1414 0
 112 1417 0
 112 1446 0
 112 1450 0
 112 1464 0
 112 1469 0
 112 1532 0
 112 1540 0
 112 1541 0
 112 1542 0
 112 1543 0
 112 1545 0
 112 1547 0
 112 1553 0
 112 1556 0
 112 1557 0
 112 1560 0
 112 1561 0
 112 1562 0
 112 1567 0
 112 1568 0
 112 1569 0
 112 1570 0
 112 1573 0
 112 1575 0
 112 1576 0
 112 1577 0
 112 1579 0
 112 1580 0
 112 1581 0
 112 1583 0
 112 1584 0
 112 1585 0
 112 1587 0
 112 1588 0
 112 1590 0
 112 1594 0
 112 1596 0
 112 1598 0
 112 1601 0
 112 1604 0
 112 1606 0
 112 1607 0
 112 1609 0
 112 1612 0
 112 1613 0
 112 1615 0
 112 1616 0
 112 1622 0
 112 1624 0
 112 1626 0
 112 1629 0
 112 1633 0
 112 1635 0
 112 1638 0
 112 1642 0
 112 1646 0
 112 1647 0
 112 1648 0
 112 1649 0
 112 1650 0
 112 1651 0
 112 1666 0
 112 1667 0
 112 1668 0
 112 1671 0
 112 1675 0
 112 1677 0
 112 1678 0
 112 1679 0
 112 1680 0
 112 1681 0
 112 1682 0
 112 2460 2
 112 2462 2
 112 2475 2
 112 2480 2
 113 8 0
 113 19 0
 113 24 0
 113 31 0
 113 32 0
 113 36 0
 113 52 0
 113 55 0
 113 58 0
 113 59 0
 113 69 0
 113 74 0
 113 81 0
 113 83 0
 113 92 0
 113 101 0
 113 105 0
 113 118 0
 113 128 0
 113 138 0
 113 144 0
 113 154 0
 113 160 0
 113 164 0
 113 440 2
 113 766 0
 113 767 0
 113 782 0
 113 787 0
 113 800 0
 113 877 0
 113 966 3
 113 974 3
 113 975 3
 113 976 0
 113 977 0
 113 978 0
 113 980 0
 113 982 0
 113 983 0
 113 984 0
 113 991 0
 113 992 0
 113 995 0
 113 999 0
 113 1000 0
 113 1003 0
 113 1006 0
 113 1011 0
 113 1012 0
 113 1015 0
 113 1016 0
 113 1017 0
 113 1018 0
 113 1019 0
 113 1024 0
 113 1028 0
 113 1031 0
 113 1034 0
 113 1036 0
 113 1037 0
 113 1039 0
 113 1041 0
 113 1042 0
 113 1051 0
 113 1056 2
 113 1058 2
 113 1060 2
 113 1061 2
 113 1062 2
 113 1064 2
 113 1065 2
 113 1066 2
 113 1068 2
 113 1069 2
 113 1070 2
 113 1081 3
 113 1136 0
 113 1181 1
 113 1184 1
 113 1191 1
 113 1261 0
 113 1278 0
 113 1292 0
 113 1298 0
 113 1301 0
 113 1311 0
 113 1320 0
 113 1338 0
 113 1343 0
 113 1353 0
 113 1360 0
 113 1363 0
 113 1372 0
 113 1373 0
 113 1377 0
 113 1390 0
 113 1397 0
 113 1402 0
 113 1415 0
 113 1419 0
 113 1420 0
 113 1427 0
 113 1433 0
 113 1454 0
 113 1470 0
 113 1477 0
 113 1509 3
 113 1510 3
 113 1512 3
 113 1517 3
 113 1520 3
 113 1521 3
 113 1523 3
 113 1524 3
 113 1531 0
 113 1535 0
 113 1538 0
 113 1544 0
 113 1550 0
 113 1554 0
 113 1564 0
 113 1565 0
 113 1571 0
 113 1574 0
 113 1592 0
 113 1593 0
 113 1608 0
 113 1611 0
 113 1617 0
 113 1619 0
 113 1634 0
 113 1636 0
 113 1641 0
 113 1658 0
 113 1659 0
 113 1661 0
 113 1683 0
 113 1684 0
 113 1685 0
 113 1701 2
 113 1966 2
 113 1971 2
 113 1981 2
 113 2463 2
 113 2465 2
 113 2466 2
 113 2467 2
 113 2470 2
 113 2474 2
 114 10 0
 114 26 0
 114 28 0
 114 41 0
 114 44 0
 114 46 0
 114 68 0
 114 72 0
 114 106 0
 114 133 0
 114 162 0
 114 165 0
 114 191 2
 114 295 2
 114 438 2
 114 441 2
 114 442 2
 114 443 2
 114 445 2
 114 446 2
 114 447 2
 114 448 2
 114 451 2
 114 452 2
 114 453 2
 114 455 2
 114 456 2
 114 458 2
 114 462 2
 114 463 2
 114 464 2
 114 765 0
 114 769 0
 114 771 0
 114 773 0
 114 775 0
 114 786 0
 114 794 0
 114 796 0
 114 822 0
 114 840 0
 114 841 0
 114 854 0
 114 857 0
 114 861 0
 114 865 0
 114 871 0
 114 873 0
 114 887 0
 114 893 0
 114 899 0
 114 914 0
 114 918 0
 114 919 0
 114 923 0
 114 957 3
 114 958 3
 114 960 3
 114 961 3
 114 962 3
 114 963 3
 114 964 3
 114 973 3
 114 987 0
 114 989 0
 114 990 0
 114 994 0
 114 996 0
 114 1008 0
 114 1010 0
 114 1014 0
 114 1021 0
 114 1022 0
 114 1023 0
 114 1025 0
 114 1029 0
 114 1030 0
 114 1038 0
 114 1040 0
 114 1043 0
 114 1045 0
 114 1052 2
 114 1053 2
 114 1054 2
 114 1057 2
 114 1067 2
 114 1078 3
 114 1084 3
 114 1087 0
 114 1096 0
 114 1097 0
 114 1106 0
 114 1115 0
 114 1116 0
 114 1126 0
 114 1137 0
 114 1153 0
 114 1161 0
 114 1166 0
 114 1178 0
 114 1190 1
 114 1242 3
 114 1245 3
 114 1246 3
 114 1248 3
 114 1250 3
 114 1267 0
 114 1271 0
 114 1279 0
 114 1300 0
 114 1317 0
 114 1362 0
 114 1396 0
 114 1421 0
 114 1435 0
 114 1437 0
 114 1438 0
 114 1514 3
 114 1515 3
 114 1516 3
 114 1518 3
 114 1522 3
 114 1525 3
 114 1526 3
 114 1546 0
 114 1551 0
 114 1559 0
 114 1563 0
 114 1566 0
 114 1621 0
 114 1630 0
 114 1631 0
 114 1670 0
 114 1704 2
 114 1954 2
 114 1956 2
 114 1959 2
 114 1960 2
 114 1963 2
 114 1964 2
 114 1965 2
 114 1974 2
 114 1975 2
 114 1980 2
 114 1982 2
 114 1983 2
 114 1984 2
 114 1985 2
 114 1987 2
 114 1988 2
 114 1990 2
 114 2461 2
 114 2464 2
 114 2468 2
 114 2469 2
 114 2471 2
 114 2472 2
 114 2473 2
 114 2477 2
 114 2479 2
 114 2483 2
 114 2485 2
 115 12 0
 115 47 0
 115 75 0
 115 79 0
 115 80 0
 115 84 0
 115 89 0
 115 104 0
 115 107 0
 115 125 0
 115 130 0
 115 146 0
 115 151 0
 115 155 0
 115 159 0
 115 161 0
 115 163 0
 115 170 0
 115 304 2
 115 322 0
 115 333 0
 115 355 0
 115 357 0
 115 363 0
 115 378 0
 115 384 0
 115 387 0
 115 394 0
 115 397 0
 115 400 0
 115 401 0
 115 411 1
 115 412 1
 115 413 1
 115 415 1
 115 416 1
 115 418 1
 115 419 1
 115 420 1
 115 424 1
 115 429 1
 115 430 1
 115 431 1
 115 439 2
 115 454 2
 115 457 2
 115 459 2
 115 461 2
 115 779 0
 115 780 0
 115 788 0
 115 793 0
 115 805 0
 115 806 0
 115 810 0
 115 813 0
 115 852 0
 115 864 0
 115 866 0
 115 869 0
 115 896 0
 115 900 0
 115 903 0
 115 913 0
 115 920 0
 115 922 0
 115 926 2
 115 928 2
 115 929 2
 115 930 2
 115 931 2
 115 932 2
 115 934 2
 115 936 2
 115 937 2
 115 939 2
 115 940 2
 115 942 2
 115 944 2
 115 945 2
 115 946 2
 115 947 2
 115 948 2
 115 949 2
 115 950 2
 115 951 2
 115 952 2
 115 954 2
 115 955 2
 115 956 2
 115 959 3
 115 965 3
 115 967 3
 115 968 3
 115 970 3
 115 971 3
 115 972 3
 115 979 0
 115 981 0
 115 985 0
 115 986 0
 115 988 0
 115 993 0
 115 997 0
 115 998 0
 115 1001 0
 115 1002 0
 115 1004 0
 115 1005 0
 115 1007 0
 115 1009 0
 115 1013 0
 115 1020 0
 115 1026 0
 115 1027 0
 115 1032 0
 115 1033 0
 115 1035 0
 115 1044 0
 115 1046 0
 115 1047 0
 115 1048 0
 115 1049 0
 115 1050 0
 115 1055 2
 115 1059 2
 115 1063 2
 115 1074 3
 115 1076 3
 115 1080 3
 115 1086 0
 115 1092 0
 115 1095 0
 115 1108 0
 115 1125 0
 115 1132 0
 115 1140 0
 115 1146 0
 115 1157 0
 115 1158 0
 115 1160 0
 115 1164 0
 115 1165 0
 115 1202 1
 115 1240 3
 115 1241 3
 115 1243 3
 115 1244 3
 115 1247 3
 115 1249 3
 115 1312 0
 115 1367 0
 115 1511 3
 115 1513 3
 115 1519 3
 115 1527 3
 115 1530 0
 115 1534 0
 115 1539 0
 115 1548 0
 115 1549 0
 115 1558 0
 115 1572 0
 115 1585 0
 115 1604 0
 115 1605 0
 115 1618 0
 115 1620 0
 115 1632 0
 115 1639 0
 115 1644 0
 115 1654 0
 115 1656 0
 115 1657 0
 115 1673 0
 115 1686 0
 115 1695 2
 115 1710 2
 115 1833 2
 115 1865 0
 115 1879 0
 115 1895 0
 115 1901 0
 115 1913 0
 115 1927 1
 115 1931 1
 115 1945 1
 115 1953 1
 115 1955 2
 115 1957 2
 115 1958 2
 115 1962 2
 115 1967 2
 115 1968 2
 115 1969 2
 115 1972 2
 115 1973 2
 115 1976 2
 115 1977 2
 115 1979 2
 115 1986 2
 115 1989 2
 115 2467 2
 115 2476 2
 115 2478 2
 115 2481 2
 115 2482 2
 116 2 0
 116 7 0
 116 20 0
 116 21 0
 116 33 0
 116 35 0
 116 38 0
 116 39 0
 116 42 0
 116 43 0
 116 51 0
 116 53 0
 116 59 0
 116 61 0
 116 73 0
 116 77 0
 116 87 0
 116 88 0
 116 97 0
 116 98 0
 116 101 0
 116 113 0
 116 116 0
 116 117 0
 116 122 0
 116 127 0
 116 131 0
 116 134 0
 116 136 0
 116 138 0
 116 144 0
 116 157 0
 116 164 0
 116 171 2
 116 174 2
 116 190 2
 116 204 3
 116 205 3
 116 208 3
 116 210 3
 116 299 2
 116 325 0
 116 326 0
 116 329 0
 116 330 0
 116 334 0
 116 335 0
 116 337 0
 116 339 0
 116 340 0
 116 342 0
 116 344 0
 116 345 0
 116 346 0
 116 348 0
 116 349 0
 116 352 0
 116 354 0
 116 356 0
 116 358 0
 116 360 0
 116 361 0
 116 365 0
 116 372 0
 116 373 0
 116 374 0
 116 375 0
 116 377 0
 116 379 0
 116 381 0
 116 383 0
 116 385 0
 116 388 0
 116 395 0
 116 402 0
 116 404 0
 116 407 0
 116 409 1
 116 410 1
 116 417 1
 116 423 1
 116 435 1
 116 770 0
 116 784 0
 116 799 0
 116 815 0
 116 862 0
 116 863 0
 116 872 0
 116 874 0
 116 879 0
 116 889 0
 116 905 0
 116 927 2
 116 938 2
 116 943 2
 116 1072 3
 116 1073 3
 116 1079 3
 116 1085 3
 116 1094 0
 116 1121 0
 116 1122 0
 116 1124 0
 116 1141 0
 116 1144 0
 116 1149 0
 116 1162 0
 116 1175 0
 116 1196 1
 116 1371 0
 116 1529 0
 116 1532 0
 116 1536 0
 116 1541 0
 116 1547 0
 116 1553 0
 116 1554 0
 116 1555 0
 116 1557 0
 116 1568 0
 116 1569 0
 116 1577 0
 116 1578 0
 116 1579 0
 116 1581 0
 116 1582 0
 116 1583 0
 116 1584 0
 116 1589 0
 116 1590 0
 116 1595 0
 116 1601 0
 116 1611 0
 116 1612 0
 116 1614 0
 116 1615 0
 116 1633 0
 116 1643 0
 116 1645 0
 116 1647 0
 116 1650 0
 116 1652 0
 116 1659 0
 116 1669 0
 116 1674 0
 116 1676 0
 116 1677 0
 116 1680 0
 116 1682 0
 116 1684 0
 116 1690 2
 116 1696 2
 116 1702 2
 116 1703 2
 116 1706 2
 116 1707 2
 116 1708 2
 116 1712 3
 116 1713 3
 116 1714 3
 116 1715 3
 116 1716 3
 116 1717 3
 116 1718 3
 116 1719 3
 116 1720 3
 116 1722 3
 116 1727 3
 116 1728 3
 116 1730 3
 116 1731 3
 116 1733 3
 116 1734 3
 116 1735 3
 116 1736 3
 116 1737 3
 116 1738 3
 116 1739 3
 116 1850 0
 116 1852 0
 116 1856 0
 116 1857 0
 116 1858 0
 116 1861 0
 116 1866 0
 116 1868 0
 116 1869 0
 116 1871 0
 116 1876 0
 116 1881 0
 116 1885 0
 116 1888 0
 116 1889 0
 116 1893 0
 116 1894 0
 116 1897 0
 116 1900 0
 116 1906 0
 116 1908 0
 116 1912 0
 116 1914 0
 116 1921 0
 116 1922 0
 116 1923 0
 116 1925 1
 116 1926 1
 116 1928 1
 116 1929 1
 116 1935 1
 116 1938 1
 116 1942 1
 116 1944 1
 116 1946 1
 116 1952 1
 117 8 0
 117 11 0
 117 23 0
 117 24 0
 117 27 0
 117 34 0
 117 36 0
 117 45 0
 117 52 0
 117 54 0
 117 67 0
 117 70 0
 117 83 0
 117 85 0
 117 91 0
 117 100 0
 117 103 0
 117 105 0
 117 109 0
 117 111 0
 117 112 0
 117 114 0
 117 119 0
 117 142 0
 117 149 0
 117 152 0
 117 154 0
 117 160 0
 117 175 2
 117 179 2
 117 183 2
 117 193 2
 117 194 2
 117 201 3
 117 202 3
 117 206 3
 117 207 3
 117 209 3
 117 211 3
 117 327 0
 117 331 0
 117 332 0
 117 336 0
 117 350 0
 117 368 0
 117 371 0
 117 392 0
 117 393 0
 117 406 0
 117 408 1
 117 422 1
 117 432 1
 117 433 1
 117 434 1
 117 460 2
 117 843 0
 117 886 0
 117 901 0
 117 917 0
 117 953 2
 117 978 0
 117 980 0
 117 982 0
 117 984 0
 117 995 0
 117 1015 0
 117 1028 0
 117 1041 0
 117 1051 0
 117 1056 2
 117 1064 2
 117 1068 2
 117 1077 3
 117 1174 0
 117 1404 0
 117 1537 0
 117 1542 0
 117 1543 0
 117 1544 0
 117 1560 0
 117 1562 0
 117 1565 0
 117 1570 0
 117 1571 0
 117 1574 0
 117 1591 0
 117 1593 0
 117 1597 0
 117 1622 0
 117 1624 0
 117 1627 0
 117 1641 0
 117 1642 0
 117 1651 0
 117 1653 0
 117 1655 0
 117 1658 0
 117 1663 0
 117 1678 0
 117 1679 0
 117 1683 0
 117 1689 2
 117 1691 2
 117 1697 2
 117 1700 2
 117 1705 2
 117 1709 2
 117 1721 3
 117 1723 3
 117 1724 3
 117 1725 3
 117 1726 3
 117 1729 3
 117 1732 3
 117 1831 2
 117 1867 0
 117 1880 0
 117 1882 0
 117 1905 0
 117 1907 0
 117 1911 0
 117 1915 0
 117 1916 0
 117 1918 0
 117 1924 0
 117 1934 1
 117 1939 1
 117 1943 1
 117 1951 1
 117 2774 3
 118 18 0
 118 19 0
 118 31 0
 118 64 0
 118 82 0
 118 86 0
 118 108 0
 118 115 0
 118 118 0
 118 129 0
 118 143 0
 118 166 0
 118 172 2
 118 177 2
 118 180 2
 118 182 2
 118 184 2
 118 186 2
 118 189 2
 118 192 2
 118 196 2
 118 203 3
 118 294 2
 118 302 2
 118 362 0
 118 367 0
 118 369 0
 118 390 0
 118 396 0
 118 398 0
 118 414 1
 118 785 0
 118 847 0
 118 883 0
 118 976 0
 118 981 0
 118 983 0
 118 991 0
 118 992 0
 118 999 0
 118 1000 0
 118 1005 0
 118 1008 0
 118 1009 0
 118 1011 0
 118 1017 0
 118 1018 0
 118 1031 0
 118 1032 0
 118 1034 0
 118 1036 0
 118 1039 0
 118 1042 0
 118 1057 2
 118 1058 2
 118 1060 2
 118 1062 2
 118 1066 2
 118 1070 2
 118 1071 3
 118 1082 3
 118 1083 3
 118 1117 0
 118 1599 0
 118 1602 0
 118 1607 0
 118 1608 0
 118 1619 0
 118 1637 0
 118 1638 0
 118 1648 0
 118 1661 0
 118 1665 0
 118 1668 0
 118 1693 2
 118 1694 2
 118 1711 2
 118 1827 2
 118 1836 2
 118 1837 2
 118 1851 0
 118 1860 0
 118 1870 0
 118 1884 0
 118 1947 1
 118 2342 0
 118 2438 0
 119 5 0
 119 13 0
 119 17 0
 119 48 0
 119 63 0
 119 65 0
 119 121 0
 119 132 0
 119 178 2
 119 188 2
 119 198 2
 119 300 2
 119 303 2
 119 306 2
 119 389 0
 119 928 2
 119 947 2
 119 954 2
 119 986 0
 119 988 0
 119 993 0
 119 997 0
 119 1001 0
 119 1003 0
 119 1006 0
 119 1007 0
 119 1020 0
 119 1026 0
 119 1027 0
 119 1035 0
 119 1038 0
 119 1044 0
 119 1047 0
 119 1050 0
 119 1059 2
 119 1065 2
 119 1069 2
 119 1103 0
 119 1134 0
 119 1195 1
 119 1207 2
 119 1213 2
 119 1556 0
 119 1596 0
 119 1636 0
 119 1640 0
 119 1646 0
 119 1660 0
 119 1823 2
 119 1825 2
 119 1859 0
 119 1948 1
 119 2484 2
 119 2763 3
 120 168 0
 120 187 2
 120 347 0
 120 353 0
 120 370 0
 120 427 1
 120 926 2
 120 931 2
 120 936 2
 120 937 2
 120 939 2
 120 940 2
 120 941 2
 120 943 2
 120 945 2
 120 946 2
 120 949 2
 120 955 2
 120 979 0
 120 1012 0
 120 1033 0
 120 1049 0
 120 1055 2
 120 1067 2
 120 1172 0
 120 1209 2
 120 1210 2
 120 1211 2
 120 1214 2
 120 1215 2
 120 1218 2
 120 1219 2
 120 1221 2
 120 1223 2
 120 1225 2
 120 1227 2
 120 1228 2
 120 1229 2
 120 1230 2
 120 1231 2
 120 1232 2
 120 1233 2
 120 1236 2
 120 1237 2
 120 1238 2
 120 1552 0
 120 1587 0
 120 1699 2
 120 1853 0
 120 1937 1
 120 2338 0
 120 2404 0
 120 2437 0
 120 2468 2
 120 2751 2
 120 2754 2
 121 69 0
 121 156 0
 121 167 0
 121 323 0
 121 341 0
 121 391 0
 121 405 0
 121 475 3
 121 484 3
 121 929 2
 121 930 2
 121 932 2
 121 933 2
 121 935 2
 121 942 2
 121 944 2
 121 948 2
 121 952 2
 121 956 2
 121 977 0
 121 1019 0
 121 1046 0
 121 1053 2
 121 1056 2
 121 1061 2
 121 1064 2
 121 1068 2
 121 1205 2
 121 1206 2
 121 1212 2
 121 1216 2
 121 1220 2
 121 1222 2
 121 1224 2
 121 1226 2
 121 1235 2
 121 1239 2
 121 1717 3
 121 1730 3
 121 2749 2
 121 2778 3
 122 185 2
 122 328 0
 122 338 0
 122 426 1
 122 437 1
 122 465 3
 122 470 3
 122 474 3
 122 478 3
 122 479 3
 122 481 3
 122 934 2
 122 950 2
 122 1024 0
 122 1208 2
 122 1681 0
 122 2002 3
 122 2434 0
 122 2739 2
 122 2758 2
 123 324 0
 123 466 3
 123 469 3
 123 471 3
 123 473 3
 123 480 3
 123 482 3
 123 486 3
 123 1727 3
 123 1992 3
 123 2011 3
 123 2311 0
 123 2318 0
 123 2381 0
 123 2409 0
 123 2415 0
 123 2425 0
 123 2451 0
 123 2458 0
 124 308 3
 124 364 0
 124 436 1
 124 467 3
 124 483 3
 124 1998 3
 124 2005 3
 124 2390 0
 124 2716 1
 124 2734 2
 124 2747 2
 124 2760 2
 124 2771 3
 125 2000 3
 125 2336 0
 125 2391 0
 125 2761 2
 126 210 3
 126 485 3
 126 1728 3
 126 1999 3
 126 2006 3
 126 2314 0
 126 2455 0
 127 468 3
 127 2001 3
 127 2010 3
 127 2012 3
 127 2013 3
 128 476 3
 128 1993 3
 128 1994 3
 129 477 3
 129 1713 3
 129 2405 0
 132 472 3
 