0 -151815.39499999137 0.0
 1 -155958.71513732345 -32.55210977839374
 2 -156538.55147728825 -63.4178514450672
 3 -156332.12202421724 -131.43553260247774
 4 -155248.08535746485 37.708969100056486
 5 -152165.78811029997 94.26225014265485
 6 -148946.20049948094 -401.01147927120087
 7 -144666.7940356939 -1463.7974329324802
 8 -142253.01775772587 -993.4672356254066
 9 -151155.0709330625 -1679.3202981910906
 10 -147415.10846159575 -3288.0693522452925
 11 -156406.99145781077 -2244.275288381556
 12 -147035.62553679576 552.1408285188246
 13 -146839.12656749788 -1557.323350180034
 14 -148945.9510223762 306.08948394946157
 15 -149227.2515224409 -1003.3849406635342
 16 -148527.52366735096 -2211.5807093501885
 17 -145320.56134704317 303.26037939888243
 18 -139477.7071271572 -638.0423762228332
 19 -145869.84346580203 182.40087034328252
 20 -138387.86576338872 1486.154265729171
 21 -134417.94974021366 -913.2603750305141
 22 -118143.22395239225 484.8093227927742
 23 -123757.89840191155 564.315186181614
 24 -127419.04856318768 430.0235996502398
 25 -122954.44302930827 1854.0247512234764
 26 -131300.07388902036 1684.3727152259128
 27 -117346.19249469842 1132.2802748803442
 28 -115227.7290287712 2309.9909661533356
 29 -119360.38269099315 2049.1164779517762
 30 -122301.21136796178 830.407129050699
 31 -121347.77788329014 3278.1348272391388
 32 -118983.78548649725 1894.1542081022087
 33 -133708.02227405502 -419.45190733836773
 34 -129102.88353768164 3523.47226847504
 35 -132034.91473408722 1970.533311543452
 36 -143255.66474287104 -885.1828622057408
 37 -140724.539031657 67.18288600819106
 38 -148846.37175774414 -1426.6444375125038
 39 -149288.4930467866 1358.3698381823162
 40 -151281.01898805914 7.457142393521604
 41 -149627.10381282994 1134.1531762056038
 42 -155933.26158077834 135.38658697475898
 43 -157996.44435036386 -988.3994520853773
 44 -160009.2460701351 -477.86696465069474
 45 -157854.19406702975 -379.04817247495436
 46 -160384.2479237916 -808.6093846817768
 47 -161926.21080741682 -133.18919776329045
 48 -163836.16071427098 -698.3151418120596
 49 -163318.9743609323 -1331.321865042157
 50 -160664.05353139364 -480.55310944165404
 51 -162469.9458894572 -10.768739788213384
 52 -161841.7251540962 -411.56706158528726
 53 -159486.62877172008 -399.2710106111072
 54 -158080.9981120572 454.6083462715579
 55 -157620.2554977456 430.8684776082405
 56 -158581.56987953972 -460.57101041182875
 57 -157036.36977943603 -1115.5041851118133
 58 -153446.0591107768 295.5377768286345
 59 -159653.13819869084 538.7035797400747
 60 -159194.32908379132 42.305368676912295
 61 -159307.011309255 -405.60116615793186
 62 -159292.39196295134 3.9824019743977814
 63 -159157.94621188086 -634.6761214841439
 64 -160624.4593670072 -2151.0736297693707
 65 -162510.26931367998 -1807.7269887333084
 66 -163511.95539101373 -496.1129052877792
 67 -160966.25051677544 -900.8605601830016
 68 -162681.8195642075 -1132.0262032138544
 69 -161940.6117314336 -638.9544743269731
 70 -163816.9530583019 -1131.8008465729488
 71 -161965.90590408546 -322.6702011994293
 72 -157623.0531129067 -1214.483519070316
 73 -158611.53329862803 205.88479973372208
 74 -157152.540137172 -484.0431971043326
 75 -157478.42927043946 -627.0203158001759
 76 -161893.10064068603 -1011.6395307936358
 77 -161433.9062043678 -1157.804503629104
 78 -155468.6878063831 204.97759597153063
 79 -160301.12546715466 -796.9970680219039
 80 -161155.9382255343 -1699.4783137716363
 81 -156549.87963963198 -591.5240721199962
 82 -159102.31640737221 197.18730954198617
 83 -155378.32030293724 -430.52947981288145
 84 -159836.03732210514 -731.5056196944961
 85 -158689.51638251904 -808.5945826811935
 86 -151068.3656282104 -424.0316678168787
 87 -159449.48909101804 147.98221545832408
 88 -156531.4471519216 100.46913500501842
 89 -159378.09214760843 -534.2909079259613
 90 -156958.93316127858 -561.8081879416924
 91 -154725.3571992163 -596.3292459518968
 92 -157152.28018082996 30.889079125157146
 93 -158530.45552880107 -875.4790640692095
 94 -155447.1444886011 -1253.7401524347192
 95 -153699.7613228229 -523.3591761359336
 96 -155007.21012883037 -174.79268858422915
 97 -156219.28986624084 -367.48021831952434
 98 -152081.17973813534 216.18429590684374
 99 -154395.40941154718 -68.13561956365363
 100 -154954.60823970754 -441.30293304196346
 101 -156255.21600333552 -617.4166903900721
 102 -158760.27947586702 -1444.855647532357
 103 -155642.8576708614 -1160.7386994572983
 104 -154478.724762478 -550.7356351899115
 105 -159336.06167097687 -53.10663251824371
 106 -148197.56234978163 1566.5168615235036
 107 -149446.33382193203 -588.5914281618574
 108 -152032.58116410542 155.21545019965316
 109 -151497.21432473205 286.43336654969585
 110 -150639.48838977586 843.4810720016178
 111 -150831.8683467459 -957.9805319407549
 112 -151132.67573496868 -336.62892167487854
 113 -144934.21164621372 230.8496668987441
 114 -148111.22380230392 -776.5112579614746
 115 -150630.75852381074 441.7194144567411
 116 -145118.5615301982 2151.153108079956
 117 -146032.70032214833 -304.6620232606734
 118 -143390.80883391947 316.69744749692376
 119 -140361.11762851357 -402.2741212574933
 120 -149010.46703725934 230.52887396536164
 121 -138650.57118945642 1935.709811265591
 122 -143773.42220199917 -1647.0929809473896
 123 -134123.91108565105 1246.3064298331099
 124 -129015.2944786942 1281.8602135419976
 125 -135054.7798929169 191.48997008319282
 126 -130430.55032332409 2122.2972817085447
 127 -138151.631961467 599.2296836193212
 128 -132810.09102309856 1296.6833574720258
 129 -135276.75228620844 1408.3227482977386
 130 -138726.3496149456 130.0051834804636
 131 -139589.8205625683 -301.3717045771425
 132 -138636.54238936413 1819.1080684806298
 133 -147866.70388489976 -48.41853997620841
 134 -148319.09358821838 579.833701408236
 135 -150469.55720392632 -244.63249992144836
 136 -151619.2083452935 1309.2726407197028
 137 -151018.20760688206 -581.2265089767458
 138 -154689.44660704475 -575.0286685037644
 139 -152571.9505779274 774.7967427281654
 140 -156750.9869113783 -883.4793830202576
 141 -153841.0174734164 275.73216999803793
 142 -153487.4149697594 -36.701686552261634
 143 -156578.866889891 31.821930824619283
 144 -156803.88071910982 -433.44040578643035
 145 -158111.78181914278 -426.75155188506017
 146 -157194.18359404145 750.0171425878841
 147 -156484.83001297223 171.96946727122292
 148 -155274.0534241876 -28.60617507777685
 149 -159707.12616520267 -574.5275630211025
 150 -156964.49924115275 191.54979031331428
 151 -157726.56484580654 -857.5247323764709
 152 -157243.41669692384 -473.6006774277243
 153 -157304.6517792908 131.6831366629164
 154 -156803.66206718088 -380.8903656290934
 155 -153751.50016358218 263.27498260605637
 156 -157659.9575120412 -41.529349965442464
 157 -155682.83906964527 -661.4690957605804
 158 -159988.7248207405 -1125.2961048008685
 159 -159326.10543535004 -613.1805416832021
 160 -158873.2232391578 -223.51405368794207
 161 -155333.5317555072 306.25789965253614
 162 -158773.92978681254 -294.9104614832498
 163 -159477.98697017223 -567.2885354442203
 164 -157134.3199888751 -57.44402624863517
 165 -157960.91049131763 -529.8856192712834
 166 -155479.701191479 -387.7294440650307
 167 -157139.47825512217 -386.55040699746047
 168 -157934.73347778057 -1102.452569308154
 169 -155781.15603778212 406.6340318759441
 170 -158528.1181663408 -495.3541870548215
 171 -157449.89533157894 -130.8244173669706
 172 -156604.53875912665 -608.7598876118604
 173 -157276.84703868904 -1004.7836984364535
 174 -158357.55388625758 -694.1990497251979
 175 -155104.04792967715 -809.2985807371659
 176 -157389.19155755255 -433.0356836770975
 177 -157083.0021088127 -886.0332927482848
 178 -160078.4533141198 -354.62375594072165
 179 -155669.62060235205 -613.3241382735391
 180 -156053.5839928793 -116.47394994051507
 181 -154536.63746741225 81.3165806568902
 182 -157912.5555931444 -716.0417189696037
 183 -157216.64752719994 -252.18453540623767
 184 -159867.90817338074 -994.3116918488001
 185 -150107.1058129892 1104.3712412962507
 186 -155087.0875975512 236.56688685356917
 187 -157664.42809294298 -1292.1003043289106
 188 -153526.22994870995 -372.8679657864636
 189 -152316.44313145624 -111.04147856843497
 190 -150023.8473041198 413.2533750751711
 191 -152740.35762761362 -45.23509071770825
 192 -144375.56755373502 968.6344240348067
 193 -152106.50959013263 -505.74624441587775
 194 -149120.71236411566 -1662.7976278206586
 195 -147695.3162210564 1399.6985711629286
 196 -145424.52382140997 518.2885604084902
 197 -149410.2706725771 123.83956276713829
 198 -145119.22959410163 908.939223051655
 199 -149183.4844214427 916.5888155745027
 200 -150429.4297698045 -596.1535839133912
 201 -148660.10606490966 -1794.580400544345
 202 -150907.60351341544 -2092.0812548395597
 203 -152157.15310359662 -217.3530210966964
 204 -156267.2610660994 -822.9455240431009
 205 -154321.0592646023 -137.82953174599817
 206 -155011.88287847102 182.8722899028739
 207 -154001.7537684138 -10.473608635692347
 208 -149663.48171492972 376.5990023041949
 209 -153368.85880437645 110.55826131747875
 210 -150710.4706041502 -818.6966517240202
 211 -153478.0801459836 -490.53109654656004
 212 -150211.7487476038 -299.8720694727947
 213 -151335.97425085233 -185.87540213407792
 214 -155606.1870448054 -885.4335421899276
 215 -153382.4204066201 814.0761296615838
 216 -152752.42312380637 404.936875196255
 217 -146481.73221675487 -136.93015378263235
 218 -156320.9583077551 -1080.9079487633799
 219 -147390.61120307792 710.1077716955253
 220 -151892.23126846657 -755.6895545999231
 221 -142271.6757224433 1624.252101114532
 222 -148462.8538693309 287.8839114737101
 223 -146012.4750374652 -53.16227068935196
 224 -148499.98695526752 -152.19923213033476
 225 -143781.58154674587 593.8010367284563
 226 -146136.0979737919 -268.5586132010659
 227 -151836.92081072385 262.11951720760914
 228 -146913.39414031603 1146.7973719644356
 229 -146627.6188401284 88.31323035841429
 230 -152228.65817777364 -517.6824783822263
 231 -146441.33521586485 1140.2172529244583
 232 -146259.55037992174 505.61695046981174
 233 -153442.82148903408 -1892.2481328726583
 234 -156105.23048085102 506.4851442487398
 235 -147184.37503511066 -126.43567305458014
 236 -151789.86019324095 -527.445903562051
 237 -155759.6016645933 -846.7144193337105
 238 -151985.49860637248 444.2130147580843
 239 -153857.48620551225 357.73184740069473
 240 -156457.16269618433 -104.51753328153322
 241 -156067.90096554894 665.2459043080104
 242 -148726.9588433635 496.6684872716218
 243 -146371.62615994853 250.88695788659547
 244 -147187.09932414885 -837.8944336975633
 245 -153332.25430527024 628.6725577463919
 246 -150448.89804873595 -193.70868095258578
 247 -156917.52791709988 -866.9736860721098
 248 -152832.8230467675 298.5422934590186
 249 -157457.54181769225 -656.2080910844026
 250 -157980.59464316876 146.06400622544695
 251 -156145.72751011452 -992.026294909661
 252 -157074.6167521008 -781.920026927792
 253 -157395.11883094764 -24.970557036095514
 254 -155016.48186312043 -431.33650059925174
 255 -157981.89690777333 -812.1093614517566
 256 -156128.44945823573 -40.007659896981565
 257 -153471.62719723006 276.9406159764935
 258 -157459.61113065112 98.54651119527941
 259 -154563.1947914689 -310.4637161912494
 260 -156069.95081235794 82.15228938431109
 261 -153548.9006935574 -685.6012385146918
 262 -158832.01829847813 -1126.8083323321002
 263 -157871.46068787217 -102.19808737744842
 264 -157344.35858494343 -955.625238201377
 265 -157557.42919074022 -1370.2305549259838
 266 -156272.48098626186 68.34791663514784
 267 -154730.77711949317 -40.81885495828366
 268 -151384.33322811438 -243.4679818219891
 269 -154961.32920198704 268.33709191285556
 270 -155406.1421676696 315.05670471064104
 271 -158545.69133676458 -906.4678720328606
 272 -151054.50714617516 -189.64303264392552
 273 -155222.36449359785 -195.32909940350135
 274 -153274.31295451568 -76.80301728002152
 275 -156048.9175807095 -327.273240051956
 276 -153619.78461400638 159.0182790689321
 277 -149120.39251239895 442.9401891951027
 278 -154247.0336782576 243.36367432289654
 279 -152093.8487765382 18.494336137414237
 280 -152574.84722238843 -327.12990310728924
 281 -148979.13238377796 -167.40122875089122
 282 -149517.46404797205 -624.0539386414024
 283 -148776.4437016089 429.0873930734642
 284 -147014.43890108183 -672.7387717067165
 285 -153922.01768609398 576.8000376940676
 286 -151370.48925733677 869.5054211099081
 287 -153810.80630780256 -598.5932108808213
 288 -146291.44508252217 168.0818315872146
 289 -156605.52996786745 -882.4105195107478
 290 -148951.60384085932 630.1726531800228
 291 -151917.56487850647 -148.19045935150905
 292 -147279.97510729323 -1003.909284748292
 293 -148653.39525101977 -615.1618246719361
 294 -150605.35206855924 1003.1959293906
 295 -146323.49916445336 219.18904208672933
 296 -153043.72700870552 -1078.7928750471806
 297 -148287.31386727642 667.6743626384658
 298 -145443.96776981745 696.9101054802367
 299 -145385.17069452943 341.55772489210995
 300 -149019.79635759754 333.49300147560837
 301 -146926.16536535838 32.673361252420776
 302 -151637.05423771156 -886.5619602885045
 303 -144616.70309177146 -51.64324223075847
 304 -151329.4115732049 -885.4081280421722
 305 -153725.2218311853 284.8430862827581
 306 -147869.24099106897 402.84333262646317
 307 -148257.2428578963 817.1978982192894
 308 -149828.53695054032 -261.88945923556577
 309 -150239.9337457499 -738.3016531588344
 310 -151975.22045994765 -1098.5530350067968
 311 -152313.67666274498 90.98923301514648
 312 -152397.2045563335 304.2744730422039
 313 -156542.20903942606 -1467.989868906326
 314 -154506.01269835155 -195.75095026552282
 315 -152820.54830297208 407.6325683026355
 316 -155640.57527501154 285.53613458249697
 317 -157313.6373409094 606.7084342955659
 318 -152168.8921653631 326.81072349917844
 319 -157593.29725295567 -1438.542006477933
 320 -155000.49112124805 -445.5450654562904
 321 -149078.84656324302 -93.92959229387719
 322 -150744.76471108533 1008.2494103480371
 323 -154762.81723375022 811.6054185751676
 324 -146231.96359968817 -16.253932372592217
 325 -146752.85951448 -238.86945526206813
 326 -145587.95263310464 400.14780090441263
 327 -148215.67432387828 -233.62645378118714
 328 -153539.8937455237 -1041.8364704991843
 329 -151787.16339754578 182.9565401564803
 330 -153597.85994664484 -198.67047646415153
 331 -151508.16589198372 250.59098356086076
 332 -158067.5274365381 -696.5617799264286
 333 -153796.07530669475 -246.51403811714883
 334 -150556.41537624339 -205.32168408485742
 335 -150176.48263591257 -290.5115801247503
 336 -154071.22271616265 189.07947136055373
 337 -152242.8470678383 -52.60251502424617
 338 -152716.68745586465 -785.7047036609683
 339 -156280.1153311489 -214.60920898965557
 340 -154700.25120022293 -214.05772850917327
 341 -156312.76794433547 -363.03242063627755
 342 -156043.42955301693 -973.2365843322152
 343 -153576.03325298958 -496.6186545413593
 344 -156008.7476408277 -303.3808076329905
 345 -153522.60302521632 -745.4820700568044
 346 -157585.85638584723 -441.42314919694195
 347 -153152.8485491906 1193.6031429917143
 348 -153020.9880985651 520.3443171758365
 349 -152919.72953376404 438.02579024293726
 350 -151105.85430861544 -303.9410688832383
 351 -147646.81557728106 -257.27350064068
 352 -151062.3475113704 242.74237055818634
 353 -151441.084014109 557.7220299124134
 354 -152156.32796686742 178.40561939023345
 355 -149442.81463428368 423.9526819566287
 356 -148703.91108162786 434.4829700190911
 357 -147664.13590960047 -786.7450002068258
 358 -151455.6954694269 -857.0134077605184
 359 -149301.4708923616 -399.62007786687025
 360 -153367.38426235574 -1532.2029006179816
 361 -157184.8503387283 -454.9791762482046
 362 -153528.20579888098 280.8247324216784
 363 -153025.86229747182 -668.5187662034341
 364 -154743.96088067302 444.47815516171164
 365 -155128.86863363392 -324.6302280509068
 366 -154085.71600314122 -345.44805965480793
 367 -154197.15028037448 1041.0070373479405
 368 -154889.09746763614 -560.193893778442
 369 -155713.72832148155 -895.4324238128012
 370 -150918.84887439036 -350.7514834546478
 371 -146035.5137235306 115.9748167243058
 372 -150129.88407387133 514.1557464400197
 373 -153035.47444805488 394.38758452159146
 374 -152880.49050796186 739.822157009371
 375 -153608.65862797757 -1243.1723974570743
 376 -145191.83709241622 132.13144091635795
 377 -152101.2456568469 -634.8613632676347
 378 -145132.8444196915 696.6509139705686
 379 -153450.00596181827 -1073.5759903609567
 380 -149676.79797659375 853.6667262348186
 381 -150252.77380112963 246.63338272424448
 382 -151872.45493794142 250.21712294023234
 383 -150861.7533240317 -1009.4681349346271
 384 -152447.09182913243 -644.2609091149907
 385 -151557.27115162666 -837.3245768761624
 386 -153755.77237810145 -692.9399459522759
 387 -154118.04255444065 -384.65918438646554
 388 -153889.80871699212 -164.39650074392608
 389 -149359.75091262345 181.13682657130266
 390 -153210.09007368181 -199.1821773585063
 391 -152058.35974621106 -72.2060906442298
 392 -154395.15383383803 -258.7714952688996
 393 -150350.17701227815 264.9080695804034
 394 -145173.36436361863 283.7540649431008
 395 -152528.20923232823 500.8853926377232
 396 -150211.44528431242 396.6938073240893
 397 -147642.3881683108 -1319.3468338365542
 398 -156127.73885982245 -516.2145088073822
 399 -152829.70944484058 1937.717827064399
 400 -153881.5528060631 -364.80164121571926
 401 -154225.81758425417 -238.9552216157074
 402 -151817.51339284884 -1647.2592447198324
 403 -148157.84061351832 139.06690031839236
 404 -154378.79117324267 137.02516779069185
 405 -152681.56476795746 677.1098639742203
 406 -150910.6701962299 434.4820962308763
 407 -151158.20028438795 442.3884616756759
 408 -152678.22335476038 53.38167351109688
 409 -151764.34467797593 486.2441906148369
 410 -149190.66938245567 -190.67503259819978
 411 -148255.85727983905 791.9435757325182
 412 -151591.11568789367 -473.1401730216203
 413 -152993.27839346355 326.0015641511482
 414 -153311.8390895169 -495.97137576608867
 415 -151155.00267481635 -693.421914361662
 416 -158254.50053454746 -96.11756005436328
 417 -152437.90414280174 1204.1034945658232
 418 -152018.44217758448 -216.72717101651105
 419 -156725.8529154466 -960.2154757765221
 420 -157122.2599960826 -312.71362838362
 421 -156935.5957673506 -691.9290038393561
 422 -150680.0548401886 15.952304571626996
 423 -154431.18132125796 -478.19787122074814
 424 -155357.6892201788 -121.47645797359625
 425 -149873.10084877166 -84.4568389911905
 426 -151205.45054335266 664.344670634392
 427 -151594.1698839015 464.1130860351857
 428 -152917.52817229694 -605.6129762080423
 429 -155159.18251195195 567.2239116578671
 430 -148719.83215344427 1015.8061305398759
 431 -151474.13114661627 -113.35753617742103
 432 -153050.20539214546 855.3069569929461
 433 -152922.71257873072 -959.6524910309819
 434 -152358.05471260307 -1128.16842020567
 435 -156162.879076362 -838.7817304037218
 436 -156196.35235542158 14.822003139070876
 437 -155871.34350581712 170.43634117124796
 438 -155533.14159562832 -828.8442328834707
 439 -150566.75601395452 30.68019517644276
 440 -157963.74919849038 -1137.5322299847317
 441 -154217.50764633098 1267.4946651767987
 442 -154495.37253901342 -1041.731644026278
 443 -153384.64125312743 407.15097310468747
 444 -155535.87157435706 -1266.6116252659624
 445 -155654.88521680873 -1348.5278113417667
 446 -154068.1195377096 -371.43471639763067
 447 -158946.07416893874 -188.01315946974043
 448 -154449.54147076013 578.8852439609873
 449 -152925.85343137887 -819.9528292689902
 450 -150525.73063411683 14.69115832167311
 451 -150071.4739055005 330.26860078982116
 452 -154099.7600873004 -408.84716561959436
 453 -149330.04288517433 607.9638652718372
 454 -152470.5819339972 -399.0699128524765
 455 -151216.43600547052 665.568577707738
 456 -157321.62700615803 -194.55136011589244
 457 -153400.42482294756 -1443.6838230746075
 458 -155914.6204187022 -1440.2381256794838
 459 -158407.7598546189 -1507.965059205445
 460 -158905.1977991848 -2124.902505722864
 461 -155233.004200089 -213.65551853839833
 462 -157284.9077672804 637.5669737348878
 463 -157796.47860945546 -414.71280960845456
 464 -153000.6774230731 -47.25900811835919
 465 -151927.27737624344 -49.43174454341077
 466 -155461.77394843093 -352.24257343111844
 467 -150697.49659225243 447.14832457694564
 468 -154714.72637668223 -1069.1886755240862
 469 -154617.80025716385 124.62263838378416
 470 -148846.77826285007 477.0203747501491
 471 -152351.72372462126 -724.7901285657052
 472 -152706.4967615379 404.06686046581945
 473 -150993.80224692269 246.53771622188154
 474 -151466.03126296692 -457.4478012434108
 475 -156776.66324428105 -1072.0133161614206
 476 -147124.4013702145 -469.0943236266538
 477 -151985.06593339916 -488.2055653985861
 478 -153799.1656353031 39.460725742064206
 479 -153861.45442126328 606.8341389008646
 480 -152316.89479009734 -721.2509610070389
 481 -146667.6814200664 217.1545549154406
 482 -154049.5578867303 -571.1519340257335
 483 -153535.12307069227 -661.4678182935706
 484 -150083.57110673643 638.1045237270844
 485 -147801.41903365072 -139.02614021150356
 486 -153643.95108881194 -89.19144999867709
 487 -149163.92624241018 753.544474514729
 488 -152749.58342012847 -868.1670044290197
 489 -152238.51128240157 984.8064902253169
 490 -156262.50403950125 -991.2104143206877
 491 -149377.61072713268 284.24422402150157
 492 -156274.32279633824 -1934.732822194601
 493 -153713.3517316716 -365.9709537678345
 494 -155944.0875981312 -472.13290199613135
 495 -152924.20755620155 796.6533771553243
 496 -144398.72154868822 604.8468618076283
 497 -153162.34326849345 -38.452159701162294
 498 -150152.79844368374 635.546496748184
 499 -150846.17760835908 -85.0948207369388
 500 -146890.4033520895 704.8109963926828
 501 -150462.3395228453 -401.6027888442199
 502 -152372.20507194035 -548.0696960416572
 503 -150303.01309568403 -577.258149975189
 504 -147640.33231388498 -221.65541123611536
 505 -148859.63559838763 173.610536545651
 506 -150768.50363230848 -1249.092977551306
 507 -154206.494217688 313.69909629092626
 508 -146177.78015896503 -360.290159977255
 509 -155023.24100317084 -29.087481917304896
 510 -154816.0680371127 352.2589966582305
 511 -151806.54057060275 4.899303296366204
 512 -153892.14661144098 -594.149526235575
 513 -153742.4138099625 -1282.095988552123
 514 -154384.0660353907 2.3853933440353225
 515 -154796.82069769275 478.9789427909654
 516 -153817.92432148996 69.79463951373508
 517 -152944.93827774888 -645.7584510024602
 518 -155479.60156453055 -167.68118681418227
 519 -156000.19039076785 -34.866213544345676
 520 -149927.57844953027 -92.15263174650757
 521 -152713.8170992879 -197.85159538512286
 522 -157743.4965643963 -444.2922206387967
 523 -154732.1689582539 33.88942970466858
 524 -156479.40596634004 -625.6290105568169
 525 -152175.54533756676 389.17281641111856
 526 -149970.80098934888 552.7192729235421
 527 -155738.80369863502 -828.4305257295164
 528 -156515.42244384912 -483.62565622061993
 529 -152734.79744930365 -356.847658833975
 530 -153901.99917406362 -173.14681702059653
 531 -153401.07662500266 -38.98734094933832
 532 -152851.5377554555 -462.71974375166496
 533 -151886.0036048054 456.44253497861155
 534 -148841.7332030783 615.2566775545918
 535 -150042.34411296135 1051.4015402965028
 536 -150045.62696140484 -707.63790970279
 537 -150332.28893803013 -401.68379124746133
 538 -153862.44317424652 -877.5195089409345
 539 -156561.38525403908 -291.4554288390727
 540 -152184.4612989734 -154.0361515767433
 541 -155494.3134474012 554.7646509168806
 542 -151225.2789075531 -306.6271407643922
 543 -152271.50804059257 675.2598412788072
 544 -154335.69285094555 179.7560672583558
 545 -151752.18760920386 -214.34451568122955
 546 -148420.21110423276 -549.7086371672813
 547 -154212.55474466525 13.425493368592917
 548 -152967.5397629798 -683.7261822210219
 549 -149918.05535664136 276.80384966600167
 550 -151980.2964368966 120.93448030983544
 551 -154050.1113937509 85.2035073178798
 552 -153295.49361290858 -23.279363170298105
 553 -150436.63719613096 329.1792433812747
 554 -153026.90644598505 -266.6511721587696
 555 -154421.64933729515 75.82941318623202
 556 -150692.2002452028 10.237800354473963
 557 -148765.84877132514 459.21715686857675
 558 -149936.39945897335 -422.6489923484075
 559 -151970.18596567883 -303.0377233014938
 560 -149005.5915420085 680.0423390070877
 561 -151616.07284501288 534.4548211787982
 562 -150816.18998289036 -212.77589434845564
 563 -148877.42265136106 68.19251149323786
 564 -154507.70771738666 -1188.5741751134933
 565 -153298.71244096823 -1397.7192935262342
 566 -153372.95158156048 -477.9647727824314
 567 -158251.556012617 -1167.207742847838
 568 -158065.47646797917 -771.2510787291757
 569 -157766.46569184854 146.43761207199967
 570 -154949.29981924396 711.8466827854699
 571 -155466.32201408478 -83.50794939895731
 572 -156050.69799114927 146.13251543717513
 573 -152962.39967501193 -55.29451710665578
 574 -149609.81311352938 466.5144334640176
 575 -149760.27665667672 184.14394166180085
 576 -149846.27319491503 647.9286017996435
 577 -144349.6128337616 1526.2051082719427
 578 -149091.2479176361 -30.268131388252165
 579 -150445.4184256851 560.3153288009283
 580 -144501.69365256047 -552.8170316056521
 581 -147897.85670674447 572.6681978345302
 582 -149313.6053021653 -1286.8448898684428
 583 -152058.79265611802 1121.5257013352732
 584 -155052.75397567014 -964.4550361311864
 585 -152965.20906447386 -1370.6491871447724
 586 -153775.0742409607 307.10602764973595
 587 -148038.20655740242 110.67920090236831
 588 -148665.9926726949 -739.1770612964219
 589 -157191.52070992318 -459.2857176059545
 590 -152593.98387199137 1104.7273707151567
 591 -151860.1584759774 -287.31652992012795
 592 -155402.7943786074 -276.91781827920704
 593 -151871.60961233324 532.8266172690721
 594 -149355.55302584157 -165.96080114153926
 595 -154396.80801423299 -559.95808996195
 596 -154263.09085422574 245.30943369001668
 597 -154876.27544003585 -775.5724258756092
 598 -156915.2081541001 -390.3351846730757
 599 -153654.29174344827 -21.486989953789557
 600 -154451.83381428878 -761.3960769073187
 601 -151648.6157763618 509.83595465257866
 602 -155725.80303061078 -143.72597928623748
 603 -157436.5742208208 -546.8096936622588
 604 -158539.68013511188 -461.6817138409633
 605 -156646.60998544708 535.8889411026981
 606 -154206.31566570513 -919.5587667074053
 607 -157378.8369334619 445.87276753013055
 608 -156049.1895050654 -264.3204276406278
 609 -156879.08180557704 -523.2995376186242
 610 -157245.68328374828 -1435.465608633356
 611 -154798.87280072804 -316.2851876184001
 612 -157766.35444667956 -268.428506785331
 613 -159810.8959833745 -1061.0153386703596
 614 -158287.39670529077 -1617.5812557348202
 615 -151843.89732034365 -165.40566736876366
 616 -152139.74201441757 -324.1880440198459
 617 -154443.50883439218 522.5045087676959
 618 -158548.6769957528 -874.4463256966517
 619 -152060.2027492904 536.7410249938815
 620 -154406.5728412138 -279.2245182785655
 621 -153211.96233870112 222.56536206165438
 622 -153773.49731102263 -233.30883894730812
 623 -154294.3034912931 -518.6267473365027
 624 -153912.15568271634 -473.3501280550646
 625 -151242.52307257405 -240.98194127087555
 626 -151868.75431859554 354.02999124953857
 627 -150260.89246051933 344.45216601069444
 628 -150101.4629573677 279.87133113206187
 629 -148846.0779535334 802.4969144340522
 630 -142956.4384874574 880.7577477286766
 631 -145268.99162951135 -169.44954601524023
 632 -146624.42379934 -474.754385494502
 633 -147979.37848470724 258.7135118651842
 634 -148826.1440301993 155.32361349851683
 635 -149458.05570443976 1393.1644337713035
 636 -150134.02898155554 -1136.8596580933809
 637 -153860.9521253431 -1201.544101983793
 638 -152458.6667791206 -1537.415286026131
 639 -154457.0337030889 -355.3274641853579
 640 -150936.73886148378 -23.311889888604842
 641 -151815.61261454455 97.33248679755376
 642 -153863.74814504746 -598.2373297092305
 643 -151681.02687647362 864.9675411374756
 644 -156533.955350656 -1576.1019000338113
 645 -152626.969586448 -201.64378839901556
 646 -151129.28934519488 791.566268347383
 647 -153144.38861354018 -485.5190713361542
 648 -151463.07896413383 -474.76968539677586
 649 -150591.81401688486 1676.801729997602
 650 -152217.50752127872 129.12258530102613
 651 -154497.89440108775 25.396011030753726
 652 -153911.9735984259 -415.3956846331029
 653 -147314.77731581155 -226.41143831495134
 654 -147316.47155955635 -114.85835544269915
 655 -147064.3887417992 229.30858347351878
 656 -151159.12406775323 953.9119309904049
 657 -152113.8828608393 256.4898164453992
 658 -146799.77783983567 -609.9364068335578
 659 -145774.5167484008 -34.53836036226751
 660 -151251.58187797357 -205.00969528000888
 661 -152841.30172755383 -712.8122893901096
 662 -155696.72257403997 98.97911299827297
 663 -153487.9647345959 19.376220067586083
 664 -153233.01057796163 -677.6385856358991
 665 -155312.15865920327 -146.28331477762578
 666 -154989.62949977315 329.1289467937704
 667 -154208.17399443977 512.2400776145741
 668 -154595.9275793208 -643.0300488877739
 669 -152478.84161354223 156.78578822144462
 670 -150689.20603551777 217.42630670509064
 671 -154162.8414373259 -243.66874728754254
 672 -146503.45651593216 1096.8015920739235
 673 -148344.4567325752 732.6589154023939
 674 -147523.16074100614 920.7662591326614
 675 -149591.4666890808 1834.2034606979155
 676 -146705.804087477 -922.6185231258911
 677 -150201.06270106227 -443.64163258279467
 678 -144822.39868755336 712.5800523959247
 679 -141214.79663241756 1334.437157974338
 680 -143241.4269564218 -75.37295826759262
 681 -144156.45877599728 487.99783002444053
 682 -149405.25912492376 166.08847866943373
 683 -146690.5014385333 1027.9189016420223
 684 -152765.6496728138 118.84071978962923
 685 -150249.71623612122 192.84938886457513
 686 -151610.1497904112 549.3070427360616
 687 -147169.07294636074 -517.441044910888
 688 -156288.15626306974 -44.98765790264527
 689 -150867.42404030726 200.71132113605708
 690 -155317.75588820496 -356.1997687123019
 691 -155269.28208470883 310.4550132667079
 692 -151723.1558712778 256.2540003231252
 693 -153407.1386471689 -607.1902983614074
 694 -159933.43869990038 -1771.687383606567
 695 -158700.92650159335 -711.322125109159
 696 -154681.10114365848 -784.0200275600008
 697 -158298.41456638704 -391.0391616494043
 698 -156743.68269236805 596.5335228025338
 699 -158824.83129642293 -310.2885042091975
 700 -152666.146095269 -74.05667918816918
 701 -155982.1146396298 182.1252017498116
 702 -157131.72481998111 80.01362330807797
 703 -160166.47672920796 -831.7822334804891
 704 -157804.9819717304 -965.7640659899979
 705 -158400.25736797284 -565.1306764208349
 706 -157567.99939942316 -61.999893710622146
 707 -157275.27484815547 -301.5418732941199
 708 -156420.27155807937 212.68227212742516
 709 -157044.6845434763 -679.9860890658335
 710 -156721.4579062932 -238.7628183996388
 711 -155792.0409688757 53.65698438911415
 712 -155831.45350916655 -574.5333365650672
 713 -154598.7966019661 12.869304209919097
 714 -152414.6336386225 -640.6252921706937
 715 -155950.16480751967 -1501.3989331822966
 716 -153533.30079992296 -291.4011315823514
 717 -158501.40395226702 87.12990421443546
 718 -153781.673250812 163.48600732349055
 719 -153805.8586940417 -613.1765542269343
 720 -156130.37473289936 -444.2315830010205
 721 -153644.32788076194 312.19706855716566
 722 -154347.74481507152 -534.4200043611269
 723 -150420.87994680626 610.749554856818
 724 -151730.09807696907 -672.7765375522183
 725 -152109.68300065587 148.96541996285686
 726 -152659.2577240917 -493.9992282546053
 727 -148520.34002461014 -293.50012777973296
 728 -155164.55601086468 270.1774219064989
 729 -150154.13794377004 654.0698168912901
 730 -152528.12150294808 -625.6670422950663
 731 -149212.3357226769 -407.00970136626887
 732 -144537.80985484895 141.51338047740663
 733 -149529.40595305472 487.93170444904064
 734 -143136.18921943978 1274.0516829348169
 735 -145388.97330806463 43.88981563684228
 736 -146637.80199863177 678.2957173371391
 737 -147123.2922167745 -877.1685622839601
 738 -146013.39150196436 -167.91863305202745
 739 -151441.75720302746 -653.606706269984
 740 -147211.14417732437 799.8295505936552
 741 -151348.2438591939 -841.3296924109302
 742 -152338.85015769117 135.01906854014723
 743 -149794.93533800816 383.1775062399521
 744 -150413.74256895628 -621.999234672435
 745 -148738.33524622305 -72.55842277870566
 746 -150011.74764120672 -1013.4667464744758
 747 -153827.50633756255 -79.48031213427289
 748 -156821.73636283376 619.713877041356
 749 -155314.8984396727 -1234.4181937722713
 750 -156074.00573584565 33.732168700627696
 751 -154068.84335095587 226.17113991221555
 752 -154211.2840828076 173.69392577119962
 753 -153854.52217009425 -945.3375699396702
 754 -152145.15486286505 -230.2220443772488
 755 -153503.46751447656 484.47001839271803
 756 -153514.67875252853 1013.6718041299346
 757 -150818.60102469716 -26.44811455480648
 758 -152844.77980312263 144.30398444235325
 759 -150787.29109749026 110.10342238002212
 760 -155749.55843131492 -1296.7526629420456
 761 -151547.27170663732 300.2882655909955
 762 -155027.4852455864 -960.8461337715274
 763 -158301.22812080427 -1377.5241374509226
 764 -157371.4355937022 -86.10346851669381
 765 -156690.60920936504 187.99980064994298
 766 -154688.43942981912 -386.25468882502116
 767 -152488.70862220132 491.1346435928235
 768 -155868.69111597462 -882.9273269980348
 769 -154722.39754907723 -524.1113135664833
 770 -155328.04094425295 -241.1364846117079
 771 -154951.4862581292 -257.64156431687996
 772 -151860.21481869876 728.5959680501536
 773 -157414.24749622465 -302.78483486623145
 774 -154281.08446735865 69.05960044352898
 775 -151081.7467348783 -215.1746765942172
 776 -149889.85337618657 -519.0348754118982
 777 -155764.8812495233 -56.00226933869655
 778 -153459.87270254988 -63.91439475387131
 779 -156967.5070219943 -1205.3897009976188
 780 -152444.82226613918 45.24541905240111
 781 -155674.87349945022 193.11760570365163
 782 -157004.99027397943 -847.4472042037752
 783 -152832.86888958016 11.32389036193117
 784 -152098.51758267326 453.4584332925426
 785 -150482.87711533208 -779.9111920255145
 786 -154537.97289384442 112.08008938024582
 787 -148839.30400729532 1581.5319675408111
 788 -153340.13057336796 -94.2329693971337
 789 -150457.92564025242 587.328820451443
 790 -151633.38642759327 -204.0741881009671
 791 -148160.90305330837 -620.1695151398991
 792 -146441.0046539347 1620.093148384341
 793 -143180.79311011845 467.00347482048954
 794 -148427.27623756498 828.1494258438603
 795 -142994.45170538386 179.31176538823271
 796 -150719.11028818227 -490.5050340362764
 797 -146156.9319829162 63.4415932383412
 798 -146177.4037635302 881.101706907794
 799 -153569.3083946452 -1782.1540244379205
 800 -149372.0241293151 837.2619915301411
 801 -154647.3817207321 -60.22718219423421
 802 -148649.16883811637 374.7528783288719
 803 -150623.84267940902 -962.575414360076
 804 -150532.7197505574 232.6147479425801
 805 -154837.01279135374 -222.4431200017321
 806 -155218.87994869446 -222.02776535260196
 807 -155875.61307323788 -487.18554476327034
 808 -152666.9192110613 199.44878201121358
 809 -152881.4321836327 -121.46844812857753
 810 -158424.68602632845 -948.1493930578835
 811 -154046.12546526684 460.07395999766163
 812 -152166.13187616 -329.12300676824066
 813 -153119.387947982 -586.1819411122378
 814 -155268.48567068364 -589.7330915873915
 815 -146752.62146275977 550.9487502666315
 816 -152713.16013696417 -360.98700405745615
 817 -156387.49393407805 -639.3678655873032
 818 -156784.91581629182 967.0353836195094
 819 -155099.4640953396 -902.4779570634224
 820 -159793.48972522456 -1552.7738764303595
 821 -151876.6192449159 728.5169699319307
 822 -156881.311938155 -159.40677658404772
 823 -154016.9111861926 324.88035332460515
 824 -152209.77099769868 -587.0183252456198
 825 -153853.9261406771 869.5836173130298
 826 -150981.43727696632 707.9749921281505
 827 -150061.03596392588 -198.76922749349595
 828 -150614.99289305083 -1950.1963094385485
 829 -154772.1349612567 -162.21422243912323
 830 -153122.0730569714 -620.7357494675064
 831 -152681.85689817512 -45.75101374254706
 832 -153652.35330015884 312.9801387102061
 833 -151075.70818607826 369.03098631833643
 834 -153961.52928890462 313.5773216253627
 835 -153481.74353389457 116.7261404316876
 836 -155409.45035637912 -295.9255129272314
 837 -155364.59858590245 -317.1832824700079
 838 -154727.39046280846 -120.56616362226077
 839 -152458.38768891722 340.55922258220426
 840 -151617.66187144018 -771.4122523171371
 841 -154695.32242188943 504.02089293622527
 842 -154058.76852127007 -1092.2254127831736
 843 -150574.47822986855 384.5695561632959
 844 -153463.56176813264 48.07721090811026
 845 -153806.65244285675 336.94185196673385
 846 -151052.3559579348 -664.6106349921212
 847 -149807.60876682983 698.2487834940472
 848 -151973.86757773336 -42.73596366904266
 849 -150980.38360370114 -75.11992666208633
 850 -153699.59548974343 321.59566205370527
 851 -152413.3627983778 -641.1566579098678
 852 -147969.093551797 319.4894790179465
 853 -149220.95483229394 123.43826385779492
 854 -152903.39374555126 432.72165110547303
 855 -150739.67732768971 310.90708771823756
 856 -150160.36645808961 442.7714804442899
 857 -148245.52814541414 -338.34818073840063
 858 -144503.69689726538 -349.43430809565206
 859 -148592.24743481955 -144.30122948164555
 860 -147239.4622543134 1804.378385097059
 861 -149074.11869666376 -56.6713742409721
 862 -150265.8065190342 700.650741206865
 863 -153581.45446807894 -1692.6271491091456
 864 -149547.6403893258 775.1638210537318
 865 -157707.02854740797 -681.7227046562774
 866 -155810.48576565023 -18.173877255453107
 867 -155670.4997652303 -1434.7988578902248
 868 -155635.56227316993 -423.6588881297793
 869 -154005.7168096449 -776.0020838514172
 870 -156890.3119063466 -329.2330015115211
 871 -156476.45768592594 1092.8345376115958
 872 -158561.00641363708 163.62015402442768
 873 -155641.1007475605 -270.7760661208475
 874 -151067.88690069626 -1268.1740052805226
 875 -156333.82563051675 -795.6050121308939
 876 -156442.7976507436 359.0681854916139
 877 -156301.16259278829 -164.6809755675871
 878 -152635.86234814202 -562.0508045967474
 879 -153701.4638854064 -211.24948270394884
 880 -153354.6436340315 591.4175877298824
 881 -155742.1398973707 509.9036734725841
 882 -150551.11882537726 362.05041494790333
 883 -151295.4111473572 -772.8900068273394
 884 -153177.60486172777 -422.4266463679838
 885 -153990.49873701233 558.669659244164
 886 -157486.30027241496 -950.6552732105793
 887 -154448.87399464898 -198.96571354297507
 888 -153424.5129655832 -1005.5807638407563
 889 -153547.2766733759 -162.0973198606015
 890 -154472.20258476297 460.526983315576
 891 -154901.76032753836 -209.9641116619948
 892 -151490.32444970583 -169.18297233977754
 893 -153429.34628272863 -869.7742221299221
 894 -155831.10869330494 -686.7202241210142
 895 -155426.20960923436 175.51446531979892
 896 -154877.26628867912 255.9611268038657
 897 -152557.23332503357 -302.15419411882726
 898 -154010.70333073207 -1016.7196230157052
 899 -156082.15351430667 102.80214557746876
 900 -150189.39776548126 385.8858554870261
 901 -154105.24677374665 -1049.7428308979956
 902 -159377.44239308845 -753.8619261300618
 903 -155444.9963791093 -504.5908119664317
 904 -154141.8357608424 -810.1556009688409
 905 -151349.1593534758 -180.59254908597245
 906 -152868.96517235908 609.8410497602555
 907 -153429.25233513978 -175.64008507039878
 908 -152007.64785270035 375.4054891608759
 909 -150307.9539004804 -410.5981006464189
 910 -153451.1950505465 -206.04041073152996
 911 -144961.94659810487 -243.33534280299287
 912 -150970.60720884267 330.85837991322785
 913 -154045.1604217088 219.22437223626324
 914 -149389.52463023827 821.1220744226098
 915 -154052.81056831905 -1367.1100481573674
 916 -149124.13543058303 -200.18474479433038
 917 -153559.00072343965 -892.2161488868707
 918 -151790.164515843 -46.83131214034464
 919 -151557.79320634788 -232.24490581997813
 920 -151579.06598681808 269.72398989422277
 921 -148558.71184631027 1053.0406499762419
 922 -148060.686550909 588.765059147578
 923 -152131.05066743083 3.5497544506959517
 924 -143174.09270157502 -42.407158065740305
 925 -148489.90680210487 617.3216365955002
 926 -147040.89927587923 -155.60874868038084
 927 -146394.03049020926 579.1264464613665
 928 -147883.93907873303 1363.7731480371237
 929 -144434.7199517529 885.5443487977584
 930 -145016.16431280755 1205.3730768053247
 931 -139436.8590425745 584.8662067770191
 932 -142812.53953881387 394.5950172869447
 933 -143043.3854564863 -60.29143702239677
 934 -147759.44866645988 -196.68135459002124
 935 -148092.79293582312 506.29078454893147
 936 -144579.18087153535 -441.8276917160923
 937 -156697.60862273592 -1512.9315403265412
 938 -152588.9729918921 984.3160937079392
 939 -151919.34229365463 -1275.0278195499322
 940 -155532.69699870568 218.4530782442253
 941 -157319.24801400563 -1372.4038579066416
 942 -157830.0962753591 -121.85950949347117
 943 -154273.2766391779 -155.948443702689
 944 -155654.16523485698 17.59504076989372
 945 -158563.00173481624 117.8361034486255
 946 -151633.3621906646 261.99433162996144
 947 -153603.1279687328 -494.08730073522435
 948 -157819.05320476857 -1039.8378027055294
 949 -153470.3631071092 1153.9991901507954
 950 -153508.55431712186 -837.3581807817162
 951 -153415.13460264515 -56.47455943743532
 952 -153455.94779210325 706.9122855592146
 953 -159114.3764510517 -566.7014895696889
 954 -155215.01704089658 -771.0611203970847
 955 -159724.5346432232 -1321.1058026964558
 956 -152465.7553523399 -618.8833062187641
 957 -157728.6058331278 -141.70588932841315
 958 -156115.31311442587 657.8971557869534
 959 -155873.3009387297 -501.3035272850058
 960 -155995.8724691482 -333.9578957823667
 961 -154101.16764870533 126.82128667175822
 962 -156772.7514107261 -61.16588216592708
 963 -150941.07045804325 506.0428477742461
 964 -155100.57916245668 -1129.7135348111465
 965 -154509.43441333398 -700.1286826916634
 966 -157109.61213042444 -851.388620432275
 967 -153005.56337780927 124.45289818390755
 968 -153349.95953514564 -671.643405661959
 969 -153340.94342258727 -224.49283125441923
 970 -159950.89037146105 -1398.068311397183
 971 -158704.0925494888 -197.90710164143835
 972 -156723.1593584926 -371.9096296549271
 973 -156197.0881957991 -558.049906262908
 974 -160436.8574380981 -773.4720381166966
 975 -158134.17704488093 -449.75664080050177
 976 -153356.56382764108 -22.825272575242867
 977 -157512.44973271422 61.4074534702989
 978 -156336.1573742966 -510.04052082123576
 979 -155955.13402780285 -650.8834468344664
 980 -153854.88624892308 -201.46933496989058
 981 -153848.04440104173 648.0832660793346
 982 -153041.88223852214 -688.5671735403461
 983 -152739.26085944794 32.91122821360316
 984 -152657.46503612233 528.2256659022005
 985 -151091.8077020687 12.24067767243235
 986 -151539.8689386917 -7.126780412563526
 987 -151708.3309246287 634.6920818667751
 988 -151609.41606068812 -15.149050851497421
 989 -151049.83354393922 -82.93977127689357
 990 -148435.80673782932 885.7503985253488
 991 -152181.9390576125 -975.7557019745377
 992 -147268.74163009605 152.23676001387105
 993 -149890.1922604168 -575.7305266990744
 994 -153483.63859742993 339.12586831262615
 995 -149540.7856247871 -1226.7428283608026
 996 -149332.5534587479 -1063.9100703746963
 997 -148503.64843471072 -561.5348300757394
 998 -148908.04745031113 91.522198171318
 999 -158029.3299660171 -329.1733099058985
 1000 -150084.7001509453 -119.2446527828505
 