0.0, 0.0
0.1, 0.13239394110048197
0.2, -0.05003971471153133
0.30000000000000004, -0.10849723400480847
0.4, 0.06464370710971748
0.5, 0.06802072214141752
0.6, 0.11800929863117374
0.7, -0.12491177893876815
0.7999999999999999, 0.16734610845442693
0.8999999999999999, 0.042793081142142766
0.9999999999999999, -0.05977336083807466
1.0999999999999999, -0.15927620457646827
1.2, 0.1652659051340175
1.3, 0.07505096871900765
1.4000000000000001, 0.08391474101005253
1.5000000000000002, 0.2513302575982443
1.6000000000000003, 0.12450384148531772
1.7000000000000004, -0.08829364552844168
1.8000000000000005, -0.06363268834947976
1.9000000000000006, -0.029550813656113537
2.0000000000000004, -0.23750892433479348
2.1000000000000005, 0.21392702337266564
2.2000000000000006, -0.1306712876970829
2.3000000000000007, -0.0702856788554038
2.400000000000001, 0.21300133922954323
2.500000000000001, 0.05528660809537615
2.600000000000001, 0.2456799997155923
2.700000000000001, -0.031464025640863605
2.800000000000001, 0.01216499881176371
2.9000000000000012, 0.009254055536584345
3.0000000000000013, 0.020674056006087637
3.1000000000000014, -0.01763166862581453
3.2000000000000015, 0.05548657721183779
3.3000000000000016, 0.07514805003879527
3.4000000000000017, -0.3561901623441075
3.5000000000000018, 0.11678268909422443
3.600000000000002, -0.27236213061092224
3.700000000000002, 0.48139664725911135
3.800000000000002, 0.19910234334685295
3.900000000000002, 0.03369494773681977
4.000000000000002, -0.11150752684349373
4.100000000000001, -0.24897559590753565
4.200000000000001, -0.0011923264298676812
4.300000000000001, -0.22371912030027044
4.4, 0.22823155747391183
4.5, -0.1236669095018602
4.6, 0.07653432057212953
4.699999999999999, 0.09696360484992975
4.799999999999999, 0.002531072576305254
4.899999999999999, 0.1356364870076703
4.999999999999998, -0.13588537812418208
5.099999999999998, -0.020611187154298282
5.1999999999999975, 0.23036213628326477
5.299999999999997, 0.1611038346522547
5.399999999999997, -0.1457361388731658
5.4999999999999964, 0.14583246355597895
5.599999999999996, -0.026779088179819614
5.699999999999996, 0.051320799134152405
5.799999999999995, -0.05478495530595827
5.899999999999995, -0.02632067639278165
5.999999999999995, -0.11170331413032443
6.099999999999994, 0.2297551460575422
6.199999999999994, 0.11965881143619767
6.299999999999994, 0.1472218096140356
6.399999999999993, -0.04368961211930853
6.499999999999993, -0.2191665889166862
6.5999999999999925, -0.08460914351649969
6.699999999999992, 0.00467053726471688
6.799999999999992, -0.039939845775826384
6.8999999999999915, 0.055832223447209305
6.999999999999991, 0.2381525412334125
7.099999999999991, -0.05379617879260351
7.19999999999999, -0.3028387530602925
7.29999999999999, 0.09296443158008484
7.39999999999999, -0.16194959970938277
7.499999999999989, -0.3500781329023129
7.599999999999989, 0.23156241663253715
7.699999999999989, 0.105016880571078
7.799999999999988, -0.13066318782896594
7.899999999999988, -0.5038395134943316
7.999999999999988, 0.1291817012020772
8.099999999999987, -0.17272986856412945
8.199999999999987, -0.14133047129479467
8.299999999999986, -0.2684096092024072
8.399999999999986, -0.015812989525502325
8.499999999999986, -0.14674202300595277
8.599999999999985, -0.06305823575942539
8.699999999999985, -0.31266633184387144
8.799999999999985, -0.0697061896367765
8.899999999999984, -0.3677967022717985
8.999999999999984, -0.1972923777698345
9.099999999999984, -0.1686037392171574
9.199999999999983, -0.10454719186341316
9.299999999999983, -0.15210053951305233
9.399999999999983, -0.4738484914692946
9.499999999999982, -0.20268243620702625
9.599999999999982, -0.2936878303302044
9.699999999999982, -0.286497060744016
9.799999999999981, -0.27961910452177996
9.89999999999998, -0.04662670795788423
9.99999999999998, -0.45912540890087816
10.09999999999998, -0.094764864872752
10.19999999999998, -0.3703018508201066
10.29999999999998, -0.5944895895705944
10.399999999999979, -0.032260288317430275
10.499999999999979, -0.15793621482428497
10.599999999999978, -0.6352403849085252
10.699999999999978, -0.1362399887822548
10.799999999999978, -0.493870464826833
10.899999999999977, -0.32801087012728974
10.999999999999977, -0.31523227843695034
11.099999999999977, -0.5252295523659627
11.199999999999976, -0.5019405490416365
11.299999999999976, -0.08360801925175104
11.399999999999975, -0.27937054842986037
11.499999999999975, -0.3401361368812135
11.599999999999975, -0.5166775462825114
11.699999999999974, -0.6670471348206712
11.799999999999974, -0.4433445104597609
11.899999999999974, -0.29815117241231703
11.999999999999973, -0.511842932894275
12.099999999999973, -0.6384445461768266
12.199999999999973, -0.06605585370345816
12.299999999999972, -0.1872503786871933
12.399999999999972, -0.3367768883516484
12.499999999999972, -0.5042803150501136
12.599999999999971, -0.4843550361134656
12.69999999999997, -0.47261751729060536
12.79999999999997, -0.39718009915857677
12.89999999999997, -0.5859094901139769
12.99999999999997, -0.3570371422247975
13.09999999999997, -0.3235598263737031
13.199999999999969, -0.3950352876938341
13.299999999999969, -0.5468930231792337
13.399999999999968, -0.45083231569033305
13.499999999999968, -0.8075265019533054
13.599999999999968, -0.338324228958665
13.699999999999967, -0.5161839475111502
13.799999999999967, -0.6276020888386774
13.899999999999967, -0.6460742788023847
13.999999999999966, -0.8217128999291667
14.099999999999966, -0.6037501271983208
14.199999999999966, -0.4576931975756843
14.299999999999965, -0.4105760649319471
14.399999999999965, -0.5040353484405791
14.499999999999964, -0.7877338255275743
14.599999999999964, -0.38397982756399407
14.699999999999964, -0.8888726855684883
14.799999999999963, -0.71839594443689
14.899999999999963, -0.45923329952794023
14.999999999999963, -0.952240810568398
15.099999999999962, -0.4384160700268313
15.199999999999962, -0.9304903426188107
15.299999999999962, -0.5042161864994983
15.399999999999961, -0.9193600525387384
15.499999999999961, -0.7382751713543116
15.59999999999996, -0.7901984402774613
15.69999999999996, -0.8403528441138283
15.79999999999996, -0.889492413447782
15.89999999999996, -0.6725888581984808
15.99999999999996, -0.7710692875192667
16.09999999999996, -0.7656872711826579
16.19999999999996, -0.688196721728502
16.29999999999996, -0.7946299536299933
16.399999999999963, -0.9544831616410523
16.499999999999964, -0.795371019709078
16.599999999999966, -0.6927656294157987
16.699999999999967, -0.9445009186262365
16.79999999999997, -0.989045981369457
16.89999999999997, -0.8852112310968743
16.99999999999997, -1.083594456420041
17.099999999999973, -0.739023735081748
17.199999999999974, -0.969375527146794
17.299999999999976, -1.3814470541964747
17.399999999999977, -0.8131417483960465
17.49999999999998, -0.9641993189787865
17.59999999999998, -1.2002004276385183
17.69999999999998, -1.0374155810985617
17.799999999999983, -0.892032552419689
17.899999999999984, -0.9615974169426809
17.999999999999986, -0.8843373804230458
18.099999999999987, -0.8626771961894113
18.19999999999999, -0.9868828061756779
18.29999999999999, -1.285322658457315
18.39999999999999, -0.8922696802621624
18.499999999999993, -1.0143048967108066
18.599999999999994, -0.9668116863700618
18.699999999999996, -1.036474095812233
18.799999999999997, -1.0560935541644472
18.9, -1.100094380513901
19.0, -1.2386034229584548
19.1, -1.2407951993753519
19.200000000000003, -1.114783734755147
19.300000000000004, -1.089259897877
19.400000000000006, -1.2681107873018818
19.500000000000007, -1.1069991901568745
19.60000000000001, -1.2908143582214886
19.70000000000001, -1.1651653534004414
19.80000000000001, -1.321397613341117
19.900000000000013, -1.546706169401314
20.000000000000014, -1.0599913094665363
20.100000000000016, -0.9206254383951722
20.200000000000017, -1.0877073232639838
20.30000000000002, -0.9624877781627236
20.40000000000002, -1.4871212937158973
20.50000000000002, -1.4912531635976465
20.600000000000023, -1.4435774195350608
20.700000000000024, -1.4600799793522485
20.800000000000026, -1.1293122134962386
20.900000000000027, -1.3311749981770011
21.00000000000003, -1.2855554246581453
21.10000000000003, -1.4515534158322996
21.20000000000003, -1.4446620885917498
21.300000000000033, -1.1834284316931085
21.400000000000034, -0.923137283271804
21.500000000000036, -1.4154235962167325
21.600000000000037, -1.242200882323341
21.70000000000004, -1.3283585839937044
21.80000000000004, -1.158808355983892
21.90000000000004, -1.4286081430807838
22.000000000000043, -1.3151142057443506
22.100000000000044, -1.4931844853505543
22.200000000000045, -1.464097287870682
22.300000000000047, -1.371935672666171
22.40000000000005, -1.5277837681887352
22.50000000000005, -1.421786020319902
22.60000000000005, -1.7242074238507
22.700000000000053, -1.2584710460888202
22.800000000000054, -1.2807584136226469
22.900000000000055, -1.5734067144976525
23.000000000000057, -1.4362503138104363
23.10000000000006, -1.1160327471859612
23.20000000000006, -1.331839662681379
23.30000000000006, -1.451009125171447
23.400000000000063, -1.593662541241718
23.500000000000064, -1.541395205585005
23.600000000000065, -1.3620693438971112
23.700000000000067, -1.5878279368266843
23.800000000000068, -1.3094662912059811
23.90000000000007, -1.5498570585089528
24.00000000000007, -1.3824776851495346
24.100000000000072, -1.3146432811270092
24.200000000000074, -1.5143620828073814
24.300000000000075, -1.3519604808883843
24.400000000000077, -1.1640193987686531
24.500000000000078, -1.083067017807941
24.60000000000008, -1.591700315198086
24.70000000000008, -1.3389620885571192
24.800000000000082, -1.3863850349760087
24.900000000000084, -1.4625593080210268
25.000000000000085, -1.7571017749113873
25.100000000000087, -1.6247868535718668
25.200000000000088, -1.4205778277316956
25.30000000000009, -1.1740566345129781
25.40000000000009, -1.4283315327684598
25.500000000000092, -1.4132777074846157
25.600000000000094, -1.449706332139302
25.700000000000095, -1.7895507693029598
25.800000000000097, -1.3992603851216219
25.900000000000098, -1.6648053109999048
26.0000000000001, -1.650980362608536
26.1000000000001, -1.3567231506526485
26.200000000000102, -1.3521084240933652
26.300000000000104, -1.5589849898761456
26.400000000000105, -1.2617356763900645
26.500000000000107, -1.4933238039614696
26.600000000000108, -1.4395291012453415
26.70000000000011, -1.55752266767455
26.80000000000011, -1.6625376137437002
26.900000000000112, -1.137810852774281
27.000000000000114, -1.7461507233691715
27.100000000000115, -1.4586445898943012
27.200000000000117, -1.7232090458488865
27.300000000000118, -1.633110693758654
27.40000000000012, -1.606399679528026
27.50000000000012, -1.43198856733677
27.600000000000122, -1.7329776896744065
27.700000000000124, -1.5140585976291525
27.800000000000125, -1.6795659080564815
27.900000000000126, -1.5917721119145962
28.000000000000128, -1.5337202203559628
28.10000000000013, -1.5703714661820538
28.20000000000013, -1.509930866800268
28.300000000000132, -1.3504190048783475
28.400000000000134, -1.5341116082245614
28.500000000000135, -1.086419703787991
28.600000000000136, -1.9026333903882773
28.700000000000138, -1.534289687118372
28.80000000000014, -1.7165461613513595
28.90000000000014, -1.4131897678345064
29.000000000000142, -1.6667586682322089
29.100000000000144, -1.2473086024565276
29.200000000000145, -1.268334713565601
29.300000000000146, -1.5840923987945565
29.400000000000148, -1.2789188766562751
29.50000000000015, -1.5455003523203852
29.60000000000015, -1.3683453775991896
29.700000000000152, -1.3311541070149875
29.800000000000153, -1.776943628248077
29.900000000000155, -1.4284403256004525
30.000000000000156, -1.4210712698886994
30.100000000000158, -1.6341554213461926
30.20000000000016, -1.5217160464218138
30.30000000000016, -1.441390245153806
30.400000000000162, -1.3464814409311094
30.500000000000163, -1.8752429595818148
30.600000000000165, -1.6117502145442688
30.700000000000166, -1.6061194628119322
30.800000000000168, -1.577911351098938
30.90000000000017, -1.578411297496176
31.00000000000017, -1.579333781218397
31.100000000000172, -1.205236982036243
31.200000000000173, -1.900566833444121
31.300000000000175, -1.567914393800563
31.400000000000176, -1.3911281757448364
31.500000000000178, -1.6133931137404034
31.60000000000018, -1.6313178973748461
31.70000000000018, -1.5096654545017725
31.800000000000182, -1.382910874321804
31.900000000000183, -1.602531661355531
32.000000000000185, -1.4425490598923167
32.100000000000186, -1.5533135447853292
32.20000000000019, -1.571366777101677
32.30000000000019, -1.59519791476701
32.40000000000019, -1.1983160428442285
32.50000000000019, -1.4752204025042577
32.60000000000019, -1.6369662902483566
32.700000000000195, -1.1841432157964646
32.800000000000196, -1.593263455314995
32.9000000000002, -1.5733466136746361
33.0000000000002, -1.4229059765836514
33.1000000000002, -1.7313512176522237
33.2000000000002, -1.2621883848826967
33.3000000000002, -1.7169864017227807
33.400000000000205, -1.5408072643602255
33.500000000000206, -1.6073608910361847
33.60000000000021, -1.5107404408691618
33.70000000000021, -1.3046109150520966
33.80000000000021, -1.5131321843827552
33.90000000000021, -1.5774208368140261
34.00000000000021, -1.6485013091194465
34.100000000000215, -1.4497592638840848
34.200000000000216, -1.4858510959282427
34.30000000000022, -1.4938771694772504
34.40000000000022, -1.5367971716703808
34.50000000000022, -1.496986638468811
34.60000000000022, -1.4953674447291587
34.70000000000022, -1.6126129706999555
34.800000000000225, -1.4221933697192302
34.900000000000226, -1.4381583196733463
35.00000000000023, -1.3160921545624045
35.10000000000023, -1.3416170686645592
35.20000000000023, -1.7889597056271125
35.30000000000023, -1.7508734992142354
35.40000000000023, -1.5861121683530208
35.500000000000234, -1.4242858678907924
35.600000000000236, -1.0809689683406956
35.70000000000024, -1.5926822603720132
35.80000000000024, -1.2839954871914243
35.90000000000024, -1.4305192682063848
36.00000000000024, -1.0675455864644896
36.10000000000024, -1.5481599394304373
36.200000000000244, -1.324132188603002
36.300000000000246, -1.7639522384901283
36.40000000000025, -1.6451266676563294
36.50000000000025, -1.5096384112011592
36.60000000000025, -1.617709678181763
36.70000000000025, -1.4812780882502072
36.80000000000025, -1.657242578433163
36.900000000000254, -1.4002634192435301
37.000000000000256, -1.4836992878485946
37.10000000000026, -1.7051943336316644
37.20000000000026, -1.623327556863218
37.30000000000026, -1.6130640703233319
37.40000000000026, -1.532360532642317
37.50000000000026, -1.453488330715457
37.600000000000264, -1.537408220231247
37.700000000000266, -1.7031410134289893
37.80000000000027, -1.5212177982436006
37.90000000000027, -1.4151640482825365
38.00000000000027, -1.5789401568921388
38.10000000000027, -1.4117924641143578
38.20000000000027, -1.6735374310888314
38.300000000000274, -1.2735744578642922
38.400000000000276, -1.5303576074155496
38.50000000000028, -1.6309801825792722
38.60000000000028, -1.7635614794398073
38.70000000000028, -1.6573598289742555
38.80000000000028, -1.5607582504448037
38.90000000000028, -1.7641983948609583
39.000000000000284, -1.4212678895821846
39.100000000000286, -1.5589873864060926
39.20000000000029, -1.8194714207460467
39.30000000000029, -1.1552125207065833
39.40000000000029, -1.6825063012721733
39.50000000000029, -1.7116008781932681
39.60000000000029, -1.6129547118228866
39.700000000000294, -1.5716780423155208
39.800000000000296, -1.3738650089254865
39.9000000000003, -1.5617608834528007
40.0000000000003, -1.5403270001995986
40.1000000000003, -1.6290695899266985
40.2000000000003, -1.517967545686401
40.3000000000003, -1.4143393854518156
40.400000000000304, -1.9457673880606956
40.500000000000306, -1.2849444232759055
40.60000000000031, -1.5949100072381472
40.70000000000031, -1.434065029576043
40.80000000000031, -1.2912466321406746
40.90000000000031, -1.6302669523756501
41.00000000000031, -1.6957722870582623
41.