0 -151815.39499999137 0.0
 1 -155992.1841722914 -21.701406518929133
 2 -157513.14566361048 -42.27856763004479
 3 -158131.7716032787 -87.62368840165188
 4 -158133.0932439627 25.139312733370822
 5 -157935.74088294455 62.84150009510288
 6 -157831.34495088985 14.683013819199507
 7 -157535.11125662221 -5.066955288318166
 8 -157429.300954904 -366.5361570836042
 9 -158912.69756000405 -656.2928654607247
 10 -159555.91858397992 -1601.969568163534
 11 -160191.13448607048 -776.3981922543726
 12 -160332.47976831178 -994.4041143207844
 13 -159350.6844591877 -481.0109001200219
 14 -158600.60544418066 -182.6030107003585
 15 -159381.16955317254 -790.3712937756901
 16 -157435.07958944832 -640.7711395667988
 17 -158762.8335642925 -255.9650804007446
 18 -158723.30384059084 -479.2955841485558
 19 -159538.96799425228 -931.7967531044777
 20 -159409.50146087087 -807.0098228472144
 21 -159384.76197330814 -1024.7242500203427
 22 -160751.40498626517 -1503.2397848048172
 23 -159943.8386101875 -682.571209212255
 24 -159310.88778414286 -685.8569335665047
 25 -158354.4774794504 -714.7421658510098
 26 -159091.9908755253 -721.038189849394
 27 -158741.39373677023 -502.6771500797702
 28 -157790.3554445728 -201.98935589778236
 29 -157377.7423712406 -321.1756813654802
 30 -157244.12257094152 -396.34658063286867
 31 -156248.31857080918 -250.31278184057413
 32 -156724.5727602135 -223.05652793186243
 33 -155946.2164596658 -30.286604892247112
 34 -155399.1016177856 47.77951231669178
 35 -156732.31511582324 -340.33312563769994
 36 -157347.44194262754 -744.6332414704952
 37 -154404.9760519986 -52.09874266120591
 38 -155645.0065703747 -242.48695834167265
 39 -156401.48392251952 -236.5807745451219
 40 -155835.16395733046 -280.40190507098566
 41 -153675.48139938552 -500.1378825295987
 42 -152807.83129987426 287.1757246498391
 43 -154975.5783983313 244.71169860974967
 44 -153388.5087098949 89.89535689953715
 45 -147522.00912013178 76.71121835002972
 46 -132294.97118754714 391.8057435454816
 47 -146728.37734466544 1238.4272014911373
 48 -142782.23707162857 2488.8605721252948
 49 -141303.73458175123 604.2807566385624
 50 -119196.914067663 676.7559270388972
 51 -111730.53195677808 481.9548401411912
 52 -131932.99220184537 2606.8112922764844
 53 -135077.76896530084 3468.6613262592514
 54 -125239.31890104116 2152.081564181042
 55 -117323.03050685777 -151.89434826117323
 56 -119594.38419632922 -1470.1333402745508
 57 -128909.3537918181 -513.070790074544
 58 -145274.72400484918 1009.4631845524239
 59 -145315.91304058203 891.4157198267152
 60 -153909.05540694942 -243.5377542153915
 61 -150369.5360169172 -253.99411077195495
 62 -153637.8707978041 -992.9963986837373
 63 -149866.76847577852 241.64191901057077
 64 -155290.650610785 270.9589134870848
 65 -153202.84116273664 107.87334084446321
 66 -152382.0349930324 -326.1426035251868
 67 -158770.5993318868 19.70762654466555
 68 -156454.82350983433 202.84653119076384
 69 -158311.2980868727 290.4116837820182
 70 -156896.1321496718 -24.293897715298964
 71 -157959.34505805973 -368.1608007996191
 72 -160757.8563056229 -460.94367938021077
 73 -159471.39618847021 222.94386648914787
 74 -158859.13751987976 -76.06413140288853
 75 -157255.2754825936 -210.55954386678437
 76 -157607.35917548745 114.397646137577
 77 -157744.4495966066 7.664997580596725
 78 -158634.67730396346 238.93506398102076
 79 -159445.17042669622 -439.4667120146027
 80 -156370.34924635172 -105.52354251442739
 81 -157411.44441967324 151.44928525333637
 82 -159057.36178269272 74.35553969465742
 83 -154833.46070212603 100.01768012474633
 84 -157743.93381092665 -60.97507979633151
 85 -157799.16640988612 -168.5950551207951
 86 -159213.0987882544 39.93955478874729
 87 -156431.12303090736 -44.876523027784316
 88 -158683.72402543505 -267.5952433299884
 89 -158133.6171947623 168.31739471602646
 90 -158681.9164075393 -134.93212529446222
 91 -159653.29229103177 -243.99083063459744
 92 -156695.02880647578 379.5847194167721
 93 -156664.80934174918 380.1059572871934
 94 -157654.54585392502 -105.35676828981404
 95 -154772.67667000432 510.10988257604504
 96 -153002.56544461078 -105.52712572281906
 97 -153344.0897838336 -140.76747887968278
 98 -152675.02945748367 239.22753060456077
 99 -154537.3591675635 1004.9062536242312
 100 -151641.9035530495 1205.059377972022
 101 -154381.7810570199 -168.71046026004876
 102 -150428.7356475388 250.49690164509767
 103 -157059.61236152018 243.32020036179975
 104 -153155.93578455137 175.66624320672491
 105 -155840.30458289865 -130.91308834549608
 106 -154017.5034197478 216.82257434900214
 107 -158290.46238699052 -37.877618774572184
 108 -155549.14055543495 123.16296679976821
 109 -154880.20122399507 -197.56775563353608
 110 -156839.10299481626 132.4160480010776
 111 -155263.27882606018 20.75497870616271
 112 -158114.05224455104 -459.703947783252
 113 -159198.1957081404 -175.72022206750395
 114 -156373.75733871202 -201.820838640983
 115 -156994.69719161483 58.932942971160294
 116 -155855.60057717212 168.60807205330198
 117 -158701.60173518554 -62.98401550711601
 118 -158212.61592664337 -259.0477016687175
 119 -157942.90730739 -272.0187475049948
 120 -158780.8109355809 -347.62141735642535
 121 -156566.91618908892 209.3898741770606
 122 -157667.58005287146 -516.5173206315931
 123 -157168.58042592075 133.87295322207095
 124 -157214.15132134018 -295.64252430533406
 125 -158177.2442101266 -270.32668661120636
 126 -157707.91861361347 -0.03181219430417653
 127 -156697.86535288944 38.18112241288101
 128 -158086.6469055456 -113.15376168531691
 129 -158056.528053411 -28.083501134841402
 130 -156736.77549874643 -92.51187767969081
 131 -156172.10186739598 -338.3918030514273
 132 -154342.2098968607 34.87937898708476
 133 -156683.98600371118 61.98830668252765
 134 -155944.36653230988 -142.16486572784305
 135 -158068.09487779826 -373.56833328096565
 136 -155838.00006338733 -95.59290618686593
 137 -157908.2153124016 -121.1210059844968
 138 -155746.1007607864 92.67155433082368
 139 -155516.71408466256 -172.94683818122346
 140 -157118.50779581425 -162.40692201350686
 141 -155480.79783193677 -339.5498866679749
 142 -154521.96469552437 0.6262089651584297
 143 -155248.2808697414 590.2986205497458
 144 -150877.88718639166 147.1077294757136
 145 -151675.0130008082 311.56963207662693
 146 -146603.35005525543 698.9847617252583
 147 -148251.9232528755 491.497644847483
 148 -145803.69584254842 912.4638832814819
 149 -152605.29356554814 1282.5316246525992
 150 -148134.69795338635 1320.317193542211
 151 -144087.5473584598 123.22751174901772
 152 -145107.42213235798 634.3922150481843
 153 -144828.11107545518 -82.06857555805541
 154 -147747.7297757411 169.04242291393663
 155 -144357.4779952859 863.3833217373706
 156 -144444.21641026248 811.7524333563739
 157 -147458.86792450226 581.0832694929462
 158 -145240.8132316335 713.7879301327563
 159 -147056.46932815184 -100.72302778880156
 160 -153244.31369703705 19.948630874705355
 161 -149773.8915679677 -360.33140023164333
 162 -155768.92371849102 -141.59430765549953
 163 -154092.4045962314 503.45630970385275
 164 -154147.47990379986 -726.8626841657567
 165 -157291.45587437344 -283.0990795141892
 166 -155346.09695816186 210.75837062331271
 167 -158240.96042066382 27.97439533502613
 168 -156179.49000960714 -18.671046205436408
 169 -156603.29827758716 -114.81397874937022
 170 -159059.3477923465 -361.6954580365479
 171 -156427.8493435296 -12.49427824464742
 172 -155171.6113352223 -169.54192507457353
 173 -156680.0192197239 -221.82246562430208
 174 -158283.23938899723 -67.75736648346583
 175 -157277.96160465103 -248.96238715811114
 176 -158511.59555025314 -633.0791224514004
 177 -158110.96395858334 -167.47019516552257
 178 -157785.75411064475 -251.12717062714694
 179 -158095.79765176206 54.55190781764117
 180 -157326.6592357373 -230.46663329367655
 181 -157900.64231435893 22.467720437926786
 182 -158737.8640199776 -712.1511459797358
 183 -158898.40169293337 -235.2510236041591
 184 -157751.00529876977 142.9375387674676
 185 -156377.53713740324 207.33682753083318
 186 -155406.62744434402 388.02259123571326
 187 -155564.6253640704 -113.89220288593926
 188 -154903.56086903016 -34.27331052430917
 189 -158411.43589718977 -559.5103190456235
 190 -157854.65341997863 22.648916716781084
 191 -156872.45766579203 -329.4487271451401
 192 -155828.4525259092 48.76494935653829
 193 -156923.58550354664 75.38517038941652
 194 -154879.20355751587 358.72691478622767
 195 -151925.31396640366 455.4523807752885
 196 -153120.28710464327 240.41637360565923
 197 -148071.74365640566 99.90104184475837
 198 -151090.04258741406 319.8334820344364
 199 -148648.4139031777 1762.247210383002
 200 -148389.3513526753 1231.498277391077
 201 -150916.78903256677 392.2137329704351
 202 -153701.86469858588 438.20116344029384
 203 -153149.50644027133 -142.29934739779816
 204 -147958.2428554297 -296.409016028736
 205 -152566.09047012246 -428.439687830666
 206 -153271.06200869655 648.1495266019175
 207 -156591.3422824266 16.829594242871107
 208 -153686.59140803906 121.62866820279712
 209 -153013.77842413716 -170.82582578834786
 210 -157050.92532331962 -34.00110114934673
 211 -154167.933685696 -161.19273103103987
 212 -155830.92126025315 -218.00937964852986
 213 -154657.50461146916 33.627065243947904
 214 -158331.3784622978 -316.87236145995126
 215 -154875.60282891497 271.1454197743902
 216 -157913.4604252498 -487.4507498691643
 217 -158099.4596033882 67.22923081157901
 218 -155606.267070353 -36.07396584225383
 219 -156852.2659561698 -88.40548553631695
 220 -155156.49522017365 -79.29770306661486
 221 -158275.86478062405 -169.8685992569782
 222 -156734.90264274654 59.32727431580669
 223 -157082.10755733593 -276.29618045956926
 224 -156342.72217908502 -96.26882142022318
 225 -156228.82020482235 -229.79664218102974
 226 -154417.9428582052 -340.37574213404406
 227 -153132.98828109025 196.23367813840628
 228 -156772.80446567305 174.04491464295674
 229 -156664.38736892305 -135.23251309439107
 230 -155873.1667937894 43.133014411847924
 231 -156063.65093074704 -137.98249805036113
 232 -156829.55737651253 -203.81603302012553
 233 -155007.33636667303 -31.96675524843512
 234 -156510.3420192366 -638.8445705008382
 235 -156126.4493116024 -11.490448703053666
 236 -156729.2370203777 -218.2386023746999
 237 -156435.2485731854 94.35438711085978
 238 -156676.9246487593 -188.30399016127748
 239 -154868.79802106065 -387.41543506620366
 240 -156320.34400377967 39.96031114564445
 241 -155316.37855070658 135.70060287200658
 242 -155165.87426685987 335.0089915144139
 243 -156046.98372754522 459.18197192439646
 244 -155436.62928029653 324.7223775349587
 245 -153943.8229683705 368.6090384975955
 246 -150716.6085089457 310.17554603160966
 247 -144708.32810758366 58.994875951927426
 248 -144743.0333330915 586.5708623060121
 249 -147545.65783936987 1390.2992726103967
 250 -148610.40132124137 1331.446004150301
 251 -147294.02143573348 718.3864700602265
 252 -138769.6319213572 131.19398204813842
 253 -144106.28438496677 -29.26037135739765
 254 -143412.98600119178 681.7823329338323
 255 -146670.32964604555 772.3030923654916
 256 -145605.1299412356 822.1955600686787
 257 -145064.72580047767 260.7217439843277
 258 -150601.02117921403 586.5930074635195
 259 -144849.8940682376 -97.78514412749988
 260 -147459.54842774503 -224.1024737437925
 261 -147017.7340142205 142.49384099020537
 262 -151417.36896432942 -382.5142215547336
 263 -151414.51827425303 426.95594174836816
 264 -156491.46602270973 30.796507865748687
 265 -155624.66501299475 -1007.921703283986
 266 -156838.00503255287 -169.38538890990213
 267 -156988.72996139262 -81.39123663885604
 268 -155793.88296108603 124.02801211867322
 269 -157034.27783152246 -3.8039387247628222
 270 -156782.4451744333 -46.64219685957256
 271 -157747.5013504135 -431.81191468857446
 272 -155960.812960877 -127.4260217626168
 273 -157351.697509457 -65.21539960233457
 274 -156144.7449690227 363.6426551466519
 275 -156460.5639024824 2.8218399653622184
 276 -157079.5871599766 -230.89648062071095
 277 -157149.601522904 190.53812613006835
 278 -157311.7147510479 47.037116215263644
 279 -154679.18548762068 -82.75577590839083
 280 -156547.72548962588 -118.71993540485917
 281 -156925.10599567217 91.39984749940551
 282 -156806.1686866146 -83.0899590942676
 283 -154541.77363497607 -121.72173795102451
 284 -156221.80036205187 -19.06384780447822
 285 -157479.334258238 -52.79264153728862
 286 -156440.90333708978 -7.1543859267269525
 287 -152928.70222209947 -325.8254739205464
 288 -157580.48454595878 20.125221058142948
 289 -151670.307743872 216.04965365950108
 290 -154280.27416748228 166.10376878668103
 291 -156633.3880837161 145.29169376566006
 292 -156000.6393943797 265.85981016780534
 293 -153379.6671127051 40.668116885375724
 294 -153722.7721218768 33.42595292706631
 295 -154895.00431815916 -51.26930527551417
 296 -150572.61278779389 242.6087499685448
 297 -146180.897747929 -27.17709157435643
 298 -150563.11488731042 353.0814036534897
 299 -150231.2245562228 1370.6604832614087
 300 -152683.5393434754 1008.5180009837383
 301 -150682.4063152811 635.3982408349493
 302 -151776.88252403142 193.5353598076643
 303 -145109.42031758363 509.983838512826
 304 -152026.4678400051 95.83791463855178
 305 -153759.82724315047 151.19472418850523
 306 -150441.72124570076 823.4048884176416
 307 -150758.99287291747 328.0672654795257
 308 -155446.25238563152 4.722360509622768
 309 -152529.95315031652 146.31689789411058
 310 -156396.0238871809 -235.04669000453157
 311 -153991.4763559487 -140.59584465656917
 312 -156895.70596965172 -19.585684638530516
 313 -156861.33791795516 -35.98591260421921
 314 -152576.2887415264 -1.9906335103481763
 315 -157521.98806192528 -40.024287798243414
 316 -157345.89779451027 -283.46857694500216
 317 -155108.9435548316 149.92028953037757
 318 -155139.8026050647 -331.2008510005481
 319 -158276.26485311417 -677.0886709852908
 320 -154989.74756816172 -116.21071030419394
 321 -157259.14525508144 117.31627180408097
 322 -158141.63094026974 -199.58839310130872
 323 -156729.19184010808 -176.89238761655466
 324 -156657.90204303217 -187.83395491506167
 325 -158268.1787479422 27.954363158621508
 326 -157883.223682333 -81.2987993970584
 327 -155584.02023468981 -78.35696918745809
 328 -155106.47114498384 172.22368633387632
 329 -155712.59250165639 -48.19230656234696
 330 -154770.21842703712 -234.1416509761012
 331 -156892.72685779145 -337.0066776260945
 332 -153414.74278209126 379.55214671571514
 333 -156569.633096553 -52.314025411432944
 334 -155609.70564077178 -21.154456056571533
 335 -155548.80297689518 -334.30305341649967
 336 -158061.03470414167 -307.7343524262977
 337 -157495.75167900542 127.30632331716845
 338 -153256.14968886675 -110.67513577397968
 339 -157389.49992787882 -324.24280599310265
 340 -156132.57504107498 -52.3831523394485
 341 -157535.34905825095 -254.8669470908523
 342 -154903.4123260378 486.30027711185704
 343 -156511.62942108928 -86.25843636090629
 344 -155445.1625508539 391.0941282446724
 345 -154536.72098688144 -44.28738003786922
 346 -148687.76351511868 382.26990053537173
 347 -150793.7268823336 370.21209532780887
 348 -151770.4982909362 687.9888781172266
 349 -147323.1665065203 600.4231934952911
 350 -147271.16011356135 593.0452874111717
 351 -150746.2590024523 822.1676662395474
 352 -151076.67044707094 531.7349137054576
 353 -151310.81818666015 465.42801994160874
 354 -147598.14114374865 176.9144129268221
 355 -148395.50285729216 738.8931213044199
 356 -147678.57439228497 577.7799800127281
 357 -144668.15026639056 616.320666528781
 358 -148149.33447015364 691.1817281596533
 359 -150546.70816740143 449.50794808875287
 360 -151934.20134781426 182.4660662546795
 361 -152606.408796265 -73.05745083213651
 362 -149019.3646798313 -388.0328450522147
 363 -152904.5851553601 -1424.4991774689558
 364 -158222.9016110669 -307.64722989219206
 365 -156251.66272912678 -130.0888187006053
 366 -155557.2513902874 -328.1293731032049
 367 -158723.17931370862 -314.9013084347062
 368 -159267.31257230756 -180.82859585229446
 369 -159687.45308475272 -221.5262825418682
 370 -158319.1845911054 -302.02965563643255
 371 -159016.43969767966 -368.8434555171292
 372 -157084.84796231097 32.06649762668042
 373 -157721.2630398245 -297.5056103189392
 374 -156324.85867032403 143.39277133958012
 375 -158261.84881020949 -144.11359830471625
 376 -156492.55405867516 -379.9957060557624
 377 -155659.9025699174 -132.24357551175706
 378 -157547.66988722357 -69.11472401962149
 379 -156744.7648564981 -355.5759935739726
 380 -157621.49951999568 -186.38951584345418
 381 -157418.28484065767 -117.80374485050406
 382 -157355.87815204388 -124.07925137317818
 383 -157918.93765053304 -279.03142328975093
 384 -156208.29148901216 224.474727256673
 385 -155654.32198860022 -319.1323845841086
 386 -157514.10231369035 -82.67996396818359
 387 -156490.62452512403 -345.74612292431027
 388 -157405.4732921618 -217.0996671626178
 389 -156485.6473986002 -189.62611561913127
 390 -158007.95203223513 -644.4394515723377
 391 -156107.22528694398 -130.21806042948677
 392 -156558.84868490646 110.22366982073494
 393 -154866.62525415514 300.3873797202687
 394 -155994.31775392144 376.9560432954009
 395 -154431.71962214782 506.0202617584827
 396 -150330.9734015292 284.5205382160591
 397 -151537.08335472632 201.40211077563254
 398 -148635.27430801254 891.5583274617453
 399 -146815.06712991736 1024.6238847095988
 400 -148172.0980288455 1185.4262391895268
 401 -145225.34005142687 1135.0291855895275
 402 -145928.13331736234 178.167170186779
 403 -140835.37528658294 512.9559335455941
 404 -145735.91519193607 323.87744519379584
 405 -143477.05654102218 1343.3992426494797
 406 -148271.16959595858 300.5527308205841
 407 -147975.4305336385 749.6363077837839
 408 -151244.2860549731 573.2704490073977
 409 -150101.6892564096 111.03612707655861
 410 -154033.6213780343 -299.48735506546626
 411 -149778.49665409146 -267.57428284498945
 412 -155876.00757470872 -81.52278201441321
 413 -152914.41582941444 231.45037610076557
 414 -154203.72468231735 21.013082822607743
 415 -156086.7711905878 48.45939042555878
 416 -155385.8518078809 157.69695996375864
 417 -158035.1392842174 -196.544336956115
 418 -154828.12872527415 -152.1541140110075
 419 -156350.909392417 -323.9543171843487
 420 -158983.3126895563 -40.08175225574661
 421 -156782.44053679638 -42.93666922623839
 422 -157880.82142013827 -374.55713028558114
 423 -158220.11743302247 -63.993914147166024
 424 -155824.65351828863 -37.70697198239734
 425 -154567.32782421476 -309.0865593274587
 426 -157280.94396415385 224.49178042292735
 427 -158219.22637363116 10.32205735679065
 428 -156135.6833929233 -166.63931747202784
 429 -156458.65952281887 -18.3240588947547
 430 -158432.3879468762 -236.14457964008147
 431 -158761.19671594087 -87.91835745161438
 432 -158078.514428985 -485.6366953380358
 433 -159290.6371218842 -666.6636606873217
 434 -157845.4214087448 -75.48494680377969
 435 -154768.23366490888 -190.40782026914783
 436 -157030.15126587814 -139.11866457395297
 437 -158090.3386538308 183.79356078083185
 438 -155661.5942745839 269.1798447443511
 439 -154908.01353177696 22.80879678429517
 440 -155280.6028579601 97.53118001017769
 441 -154720.1299011018 -62.28755654879938
 442 -156267.39774383802 -44.1277626841847
 443 -153594.55127769776 343.911982069793
 444 -156622.98320655656 151.43358315602543
 445 -154969.843771703 543.5494591054877
 446 -154043.37539065297 -276.02847759842064
 447 -146660.91278052318 184.98322702017202
 448 -143212.8352259516 571.8574959739913
 449 -149282.20901981564 553.5894471540049
 450 -149107.40498611666 1498.8321055477852
 451 -147217.23627352432 515.6124005265456
 452 -150671.18143226605 453.19922292027036
 453 -148905.4937978321 306.2499101812239
 454 -146929.79868396846 688.6867247650159
 455 -150135.621954843 132.01571847182552
 456 -149546.30316796276 583.90575992274
 457 -151424.9837314113 277.4107846169286
 458 -155283.346681854 212.7012495470094
 459 -153078.15833085653 -107.10137280363085
 460 -154700.81145388566 -553.346337148574
 461 -152026.4163914239 -403.0243456922651
 462 -158275.0582528606 -218.1566841767398
 463 -155789.45760838437 -303.4305397389706
 464 -157034.16284263032 -266.2426720789064
 465 -156303.42447592714 161.8141703043929
 466 -157783.5565421474 133.31761771258803
 467 -156979.7627607211 -329.7171169487035
 468 -158837.83629384084 -288.2311170160576
 469 -155853.2712573124 99.48375892252267
 470 -156627.15606714773 -448.34575016656737
 471 -158721.24854825964 -459.4780857104695
 472 -158194.31325238055 16.79790697721275
 473 -156631.91923386214 5.938477481254155
 474 -158125.59072877667 -89.14786749560625
 475 -157587.72418609337 191.20445589238702
 476 -155730.17621212287 -274.2015490844363
 477 -156892.45815226273 64.70695640094216
 478 -155684.76578655446 -241.65284950529104
 479 -158729.53144670886 -477.7245740660905
 480 -156771.06124794605 -270.3719740046927
 481 -159020.444420239 -764.7289633897101
 482 -157208.56687924988 -224.0906226838246
 483 -157280.62621273147 -165.49721219571296
 484 -158501.85921943845 -355.9876508486105
 485 -155984.8632055873 -255.57742680766836
 486 -155833.083977642 -159.26229999911774
 487 -157600.07174010604 -25.69835032351385
 488 -157393.76810807813 -106.19000295267949
 489 -156320.03675926954 -621.2436731831226
 490 -157981.54029080246 -162.32294288045654
 491 -157093.22979540337 -312.6238506523321
 492 -155712.41879672479 382.27078520359714
 493 -154423.37483575777 208.1120308214438
 494 -152754.12032140407 150.56273200257846
 495 -154657.68579901717 564.0475847702141
 496 -147838.40690051092 446.52524120508536
 497 -147735.25313260578 118.76856019922535
 498 -145773.62645256077 1083.10899783212
 499 -151444.29594270998 1495.1701195087076
 500 -146783.9197787646 1344.8359975951212
 501 -147953.6779760933 -315.74985922948025
 502 -146013.28251579258 677.6368693055647
 503 -146346.46371847045 206.53523334987358
 504 -148755.94680003973 771.0037258425905
 505 -149525.12841757864 559.6936910304335
 506 -148108.32201774648 -194.30398503420497
 507 -151663.7240950983 241.99873086061694
 508 -151948.94285466496 295.6098933484968
 509 -150483.64346884124 225.52101205513026
 510 -149307.04141777832 -36.26533556118005
 511 -154170.11201736217 -311.45379780242314
 512 -155620.55762452816 -115.66168415705069
 513 -158258.34238856618 -647.7059923680797
 514 -154700.599509771 -335.5250711039766
 515 -158211.09110968513 -492.34270480602356
 516 -157155.8304448174 13.20975967582232
 517 -156658.57906205126 -627.0489673349725
 518 -157802.10919968484 107.51320879054526
 519 -157040.34270169234 -408.410809029563
 520 -156856.8642672819 -25.185754497671972
 521 -158460.22121364035 -145.9470635900813
 522 -157502.37341016214 -62.72281375919833
 523 -156291.84931935326 -232.2923801968878
 524 -157057.99570808662 -128.76800703787842
 525 -157294.4610816884 256.3998776074124
 526 -155500.42699175328 -10.874484717638822
 527 -156019.67222181312 5.1216495136552656
 528 -157195.8508162261 -26.709770813747213
 529 -157565.01881809998 -193.4984392226502
 530 -157329.3734194796 -370.02454468039826
 531 -157857.29317317661 -352.2022272995589
 532 -156133.8504865025 -105.4411625011098
 533 -155657.48562344196 -111.06564334759271
 534 -156914.57819686117 153.81378503639462
 535 -154762.49388809456 314.2443601976686
 536 -157542.7683943253 -411.687273135193
 537 -156877.82323010787 158.28480583502642
 538 -156156.52384517677 -1.3436726272889272
 539 -155516.7746815557 -193.21028589271518
 540 -155434.0408709838 59.18989894883793
 541 -153491.03135811802 28.130433944587132
 542 -154258.40953611056 503.4039061570707
 543 -154943.53220624055 522.7732275192055
 544 -153280.04161720801 241.81204483890323
 545 -153800.67079102297 13.468989545846572
 546 -151139.21971847484 465.7862418884788
 547 -145577.13340261884 371.1676622457286
 548 -147577.43334141056 42.02987851931872
 549 -151158.3311483208 1681.2612331106654
 550 -149079.21696487436 1478.375653539891
 551 -147400.86971729406 152.21567154525286
 552 -144440.45924177676 548.3477578864696
 553 -145098.2604572407 251.30549558751656
 554 -142886.5039286753 362.4445518941536
 555 -149515.81388523726 969.3349421241531
 556 -149375.08780595384 610.7172002363154
 557 -148472.2002066536 480.70343791238383
 558 -148684.40476877562 476.38667176772867
 559 -149240.49175941845 -241.32581553433033
 560 -152520.76778300578 221.8442260047256
 561 -151665.44655339682 -327.38811921413526
 562 -152038.18460763234 56.012737101029415
 563 -152748.1480683343 -862.7416590045091
 564 -155549.79236686844 -296.01345007566243
 565 -154735.72389500687 187.66113764917716
 566 -155681.56123756437 200.92881814504597
 567 -155269.57897340614 59.89217143477375
 568 -156598.6605182894 -589.065385819451
 569 -157494.5845059273 -252.15225861866676
 570 -157424.88084608756 -120.25554480968675
 571 -158286.02661715235 -206.609966265972
 572 -158094.4968653765 -110.89098970855069
 573 -158958.48087027337 -370.4123447377702
 574 -157749.709460249 -195.30371102398806
 575 -157350.17147109876 152.76996110786718
 576 -155990.41524780652 158.36773453309382
 577 -153857.8458297384 -136.56326115204052
 578 -157971.3955016088 -42.697420925501596
 579 -154754.2089600591 116.36155253395226
 580 -157573.85978645732 27.604645596231677
 581 -158360.60619582946 -317.02186811031277
 582 -158296.7250370776 -172.84992657896086
 583 -156246.25243998587 -287.9175324431504
 584 -156820.7758017053 -63.581357420791285
 585 -157762.98517331074 -8.174124763181618
 586 -157241.72456507565 98.09401843315679
 587 -156173.481598695 -544.5945327317552
 588 -156163.95232924237 -219.74737419761462
 589 -154443.71814437496 77.52352159603102
 590 -156479.9889768539 404.6989138101033
 591 -153530.63695408532 101.05631338658192
 592 -155361.963477127 309.21545448052785
 593 -155826.07026350353 56.24374484604819
 594 -156259.3472058452 452.568799238974
 595 -154699.2376033299 -133.88939330796688
 596 -149689.9721681753 286.17028912667695
 597 -148290.3303564018 -256.54161725040564
 598 -151034.7534192701 781.4018768846165
 599 -150574.98798460612 707.6546733641402
 600 -153591.55098536835 741.8492820617877
 601 -152503.48204190045 611.17930310172
 602 -146236.93373523405 446.72068047584224
 603 -151121.00282039505 -12.607129108172485
 604 -150092.87763802975 766.2728574393578
 605 -152549.33696226418 583.5499607351302
 606 -151018.33449947104 301.50082219506265
 607 -154892.58830700128 22.079845020087046
 608 -148408.19709969105 -64.72295176041898
 609 -152577.92478635084 -454.63169174574944
 610 -151914.98646019568 619.5575942444304
 611 -155024.18820563427 59.43254158773321
 612 -153578.13703881268 -307.36167119022144
 613 -157173.57318461267 -28.91755911357519
 614 -156612.72497579554 -437.7288371565493
 615 -156744.54248921885 128.9908884208246
 616 -153656.15562155622 -187.00136267989728
 617 -156769.595021589 -311.11832748820325
 618 -156245.1395655381 -490.5142171311034
 619 -156766.46716090513 9.10134999592042
 620 -155409.2682183268 -384.04501218571073
 621 -155814.03052019636 -39.83509195889717
 622 -156902.75984504414 -22.2178926315386
 623 -156083.62234601547 -14.62849822433554
 624 -156305.34466100103 -185.76941870337595
 625 -158033.2029958334 -157.6852941805838
 626 -154863.8465827225 5.733327499692852
 627 -156610.20678225855 3.9374440071298644
 628 -156383.91053336408 337.5915540880413
 629 -155708.23229189642 -150.3080570439656
 630 -156104.72229473203 87.1551651524508
 631 -150926.94864186266 39.18896932317289
 632 -154974.06781515884 131.72640967033078
 633 -156067.55759495962 -270.4903254232114
 634 -155854.35825314937 -278.6042576676551
 635 -155815.9021434863 81.73695584753568
 636 -157497.32107634036 -46.55777206225434
 637 -157243.4150099878 -65.22940132252839
 638 -156871.35123451767 -221.58752401742225
 639 -157578.24277755863 -273.9149761235724
 640 -156334.75017611307 -468.3945932590691
 641 -157542.88994703905 -430.859008801631
 642 -153585.46238493838 -145.11755313948845
 643 -156257.9659190343 311.3036940916496
 644 -156114.445075591 521.4800666441265
 645 -153479.01022483522 263.7301410673221
 646 -146954.8100273894 319.1821788982562
 647 -152997.18641360715 -330.773380890769
 648 -148040.51541385398 895.0575430688178
 649 -149383.1904380366 554.511819998399
 650 -143431.96912035666 1280.8643902006822
 651 -149702.9965783762 703.6846740205012
 652 -149863.46826589052 204.56154357793093
 653 -151048.960153659 47.6743744566993
 654 -149098.94753006622 517.942429704865
 655 -142387.12278439358 386.20705564901317
 656 -150580.26953753276 256.3886206602702
 657 -152880.66437385947 383.5078776302652
 658 -148087.23164622084 370.2410621109631
 659 -149564.80655160386 308.36109309182126
 660 -150672.26928197494 591.1008698133287
 661 -152256.46347999916 159.31180707326013
 662 -152044.58307243878 -640.5059246678181
 663 -151652.79046637425 -374.9465199549419
 664 -156518.65481302532 -196.45372375726546
 665 -152676.4807101968 196.22245681491623
 666 -153808.7368447744 -151.13336880415295
 667 -155871.2377698347 113.95538507638331
 668 -154448.36804711694 -93.17469925851607
 669 -157521.22067399 -490.76680785237
 670 -156878.67245124234 -96.22446219660644
 671 -154468.9420484957 -252.59516485836147
 672 -156393.5336174066 166.11106138261675
 673 -156027.21463046744 300.5106102682617
 674 -155318.55414464208 87.81683942177403
 675 -158192.5210704443 7.975640465277713
 676 -157016.06773068965 -158.99968208392826
 677 -157229.82405096912 -12.551088388530282
 678 -156604.72774115577 -256.3092984027161
 679 -155475.67252715203 163.038771982891
 680 -154448.36121919772 193.3520278216045
 681 -156066.39119384886 39.941220016293705
 682 -155799.90357741673 -135.69301422037765
 683 -156145.75434993234 196.6372677613498
 684 -153556.4971851754 267.51714652641874
 685 -155624.44585499953 112.68825924305021
 686 -154060.0467015882 180.92336182404003
 687 -155328.57192519313 17.973970059407595
 688 -156532.9284027383 55.11222806490299
 689 -156372.29763007505 63.67954742403882
 690 -154687.67499855938 -214.46651247486767
 691 -154197.4587396271 -61.801991155528874
 692 -152537.52527208143 713.8760002154182
 693 -151868.6744302616 454.25846775906336
 694 -154056.98366556206 124.46307759562109
 695 -154899.4227970746 173.66524992722725
 696 -150908.23681464526 259.8259816266668
 697 -150804.11669349036 -411.7421077662687
 698 -149134.24336782383 593.6596818683527
 699 -146306.67469613047 1594.709663860536
 700 -144988.02335698841 971.1142138745527
 701 -150006.50111192802 752.5801344998742
 702 -146072.66371816612 377.8644155387184
 703 -145809.7857841319 11.733177679673203
 704 -148257.9845368851 625.0292893399981
 705 -149815.71115219977 389.92754905277724
 706 -151382.5571851739 408.51207085958544
 707 -145821.71502038056 199.25741780391962
 708 -150114.97849018977 -71.11448524838386
 709 -152300.13764778714 547.4706072894435
 710 -154423.73828739894 -21.161878933092822
 711 -154078.3214734266 164.3893229260763
 712 -156075.877233763 -293.7475577100454
 713 -156092.32131078446 53.445536139945865
 714 -159233.7115715061 -1593.7741947804573
 715 -156162.88016633713 -396.2252887881969
 716 -155177.48967789713 29.38791227843245
 717 -158962.76824396674 175.4059361429573
 718 -156566.00754920483 -209.2513284510059
 719 -157525.2705948413 -635.4583694846226
 720 -156321.53004246406 -283.40105533401504
 721 -157619.2132990486 82.48604570477735
 722 -155099.13055847722 130.07199709258163
 723 -156975.77536359488 12.665036571211894
 724 -156430.07669256534 -68.3263583681454
 725 -156601.13962603715 -137.05905335809595
 726 -157680.1901053487 -250.58615216973635
 727 -154911.57771903434 -68.22608518648865
 728 -158506.74757154987 -120.61838539566739
 729 -157107.43499374046 -358.7674554058062
 730 -156618.62788532313 -230.745361530045
 731 -159086.18191867188 -501.57180091084655
 732 -156351.14617663115 28.686253651604655
 733 -158758.0009975233 -577.4988637006403
 734 -156468.20780087734 -196.5835447101223
 735 -157138.3810630036 180.28054375789443
 736 -158440.6861395377 -167.58485510857415
 737 -157139.02334350313 80.46829181069253
 738 -156056.29830253957 -332.7017553680181
 739 -156266.1105523846 -145.5378041799903
 740 -156786.40629122453 -242.686966270896
 741 -156434.5351821451 104.98220505937984
 742 -156588.44552621985 336.0920456934309
 743 -152517.25538188315 519.7870041599684
 744 -154195.09383080897 290.6198435517096
 745 -154835.74042961007 377.6937181475294
 746 -144459.01974504688 490.7335023503484
 747 -148904.25679041244 265.2697919104852
 748 -147937.09358699192 1146.5352513608968
 749 -152041.42171185825 904.5885374851509
 750 -146172.658806898 1158.3961124670889
 751 -148175.38452854037 370.6860932748112
 752 -143676.15260809314 355.5512838474655
 753 -143030.91820494246 666.8142867068849
 754 -145452.43813925947 743.5666370818353
 755 -149375.1258514455 866.4566789284784
 756 -146813.50845292275 618.3905360866252
 757 -149233.31563240202 199.71259029679618
 758 -149113.792815171 905.1159896282372
 759 -152073.23407154612 -460.6203850799864
 760 -151716.41543236747 -429.3891086280294
 761 -154752.27116690777 -814.5384896060037
 762 -156116.712990721 -340.74275584768566
 763 -154194.38810032923 -277.04942496728285
 764 -158068.45214003877 -334.46897901112857
 765 -158674.557665138 -99.50613290003771
 766 -158173.5984051231 -347.8557925500145
 767 -155085.362190075 197.0797623952165
 768 -156647.17544628927 -269.0782179986871
 769 -158520.31409683594 -368.230875710989
 770 -157557.00904544242 199.34967692552755
 771 -157202.76569301877 185.0236237887456
 772 -157888.93767758925 190.50397870010184
 773 -158596.6853421763 -409.5392232441552
 774 -156826.80472877232 -619.0709330376461
 775 -157032.53992145567 -44.778451062811556
 776 -157364.98225629135 -285.1679169412659
 777 -154134.8882439684 17.857820440869077
 778 -156897.4861143444 -131.52292983591397
 779 -156345.91561287557 -70.3751339984124
 780 -156992.16661682134 -141.91305396506584
 781 -157688.2443222143 -167.660262864232
 782 -157411.52250035896 -548.2894694691837
 783 -158114.73003991737 -401.84807309204615
 784 -157807.08489762552 -187.8610444716379
 785 -156960.9466142069 -247.10746135034404
 786 -157391.37604073194 301.1873929201633
 787 -155419.1452932736 265.174645027207
 788 -156842.29147024773 83.77135373524433
 789 -154257.76516886204 102.73588030096134
 790 -157378.75154771865 -289.58745873397817
 791 -158130.47150682748 -554.345010093266
 792 -156253.5331903961 372.03143225622705
 793 -157669.39708084197 288.99764988032507
 794 -155815.09795270744 423.92695056257213
 795 -156867.19429563405 -151.46415640784525
 796 -152660.46059693472 109.94197730914901
 797 -148896.6346188382 -326.7109378411076
 798 -153141.8526953726 675.31713793853
 799 -146567.88446172167 1250.469983708052
 800 -152025.92400930464 732.2113276867603
 801 -150566.69780433874 400.0178785371761
 802 -148373.34276613357 291.797918885915
 803 -148658.31320677907 410.1443904266168
 804 -147874.77779241264 861.5631652950547
 805 -144993.99652109874 2.109253332178347
 806 -149413.14614631783 543.1001564315993
 807 -151630.42028616436 655.8289701578186
 808 -152155.9822166398 342.95518800747647
 809 -153112.6615426525 -387.7662987523851
 810 -155232.89577589819 -224.89826203859022
 811 -151944.76647817838 -541.0140266682239
 812 -157253.54723687714 -814.5366711788281
 813 -155464.61732732554 179.48003925850873
 814 -156698.49579370383 -158.77339439159442
 815 -157844.4357269385 -410.97749982224514
 816 -155409.69562048124 -279.4346693716382
 817 -157275.88156253146 -407.5205770581988
 818 -158094.4490333475 -73.51841092032674
 819 -159099.77642682937 -289.6246380422816
 820 -158682.00163251138 -100.85658428690728
 821 -158263.26389770367 -371.9020200453805
 822 -158403.33078345458 -199.05785105603195
 823 -158274.32116725258 -251.2430977835964
 824 -157548.03379558626 205.1937831695869
 825 -154498.51698829606 279.14307820868555
 826 -156311.0328160172 -87.54000524789988
 827 -156429.9249291678 147.00984833766915
 828 -156223.11156502462 -198.10953962569994
 829 -155853.89752361385 -23.826814959415895
 830 -155503.32113457966 40.45816702166258
 831 -154877.25557000915 -1.523342495030605
 832 -157690.04445487194 -178.25124085986243
 833 -153613.503857793 205.91265754555764
 834 -156341.1970916578 -373.8037855830922
 835 -157506.77628079912 97.97676028779138
 836 -157470.71409192903 -115.16034195148731
 837 -156680.53146321635 -343.1228549800053
 838 -154008.83872969064 73.41122425182559
 839 -156442.60979775572 -6.3811849451966784
 840 -151758.84903669613 -65.3975015447562
 841 -153606.21936670493 -111.61007137584915
 842 -156123.41104172173 181.44639147788416
 843 -155076.73991747305 534.8230374421998
 844 -154544.2039024739 130.09680727207265
 845 -152083.94567047746 492.7785679778231
 846 -151932.35562588047 154.1175766719196
 847 -147393.24844248476 301.4945223293647
 848 -148116.27579128058 615.3213575539721
 849 -149340.78130101672 1343.8260488919423
 850 -151594.45132637984 1252.3171080357988
 851 -147840.60297959184 393.02356139342254
 852 -144907.73824942444 540.9383193452967
 853 -147747.50774139503 450.92284257186134
 854 -150293.79993810316 648.0191007369805
 855 -144577.8653209764 683.4247251454916
 856 -148006.5096516892 336.8296536295279
 857 -150672.18025375862 140.36187950773305
 858 -151869.64400848723 322.90512793623213
 859 -152157.45112506847 25.171847012235705
 860 -149883.00383486963 259.65825673137454
 861 -146775.76723340937 569.2817505060184
 862 -146785.95828060218 -330.6875058620916
 863 -153923.53867855482 363.40056726057213
 864 -156790.9152229703 -104.20078596417979
 865 -156205.41636240366 -734.7184697708534
 866 -157247.98656614494 101.401415163031
 867 -157245.44347287025 41.516094739850956
 868 -157052.3007656325 -25.970592086520565
 869 -156953.81463699258 56.91861076572175
 870 -155924.9658553277 -888.0680010076833
 871 -156985.04207048417 51.3796917410652
 872 -157812.63821862798 236.89876934961836
 873 -156035.55183278862 -237.50737741389898
 874 -157693.72000947295 -56.87733685368193
 875 -157542.47442744815 -303.7573414205962
 876 -157310.56851989045 -356.84587633892374
 877 -152807.94453062714 94.54268295494113
 878 -156018.04004099072 177.84546360216848
 879 -157014.80799625049 -211.9729884692994
 880 -156675.21047303145 44.41172515325597
 881 -158923.3134461829 -288.8448843516101
 882 -157981.35171113044 -29.539056701397925
 883 -157240.0486439237 -138.65333788489446
 884 -156014.1901332084 -321.0524309119892
 885 -156599.59410026667 -112.58756050389053
 886 -158120.75330066757 -385.8981821403839
 887 -155075.88799403733 212.77752430468374
 888 -157421.99892842473 -265.11384256050616
 889 -156536.49229272682 114.54378675959853
 890 -158383.15997325565 -247.2866777896159
 891 -158938.41229441646 -504.0434077746637
 892 -156967.55242045815 188.89935177348187
 893 -155827.85232011657 451.2445185800528
 894 -152710.0946814609 428.0105172526589
 895 -152965.98139945127 319.57497687986665
 896 -147885.9714822175 272.5034178692446
 897 -142695.83182297432 259.4665372541149
 898 -148748.32891931752 274.0902513228623
 899 -148152.91070868078 1378.9814303849805
 900 -149469.7930871843 1539.334570324687
 901 -146408.30400387367 548.3641127346698
 902 -143859.25945814248 448.27604924662546
 903 -143356.56572424047 317.510125355712
 904 -147164.4196381574 738.6142660207738
 905 -144831.54628838366 319.7476339426856
 906 -147059.90871470326 433.13403317350486
 907 -149582.55561747067 366.8499432864003
 908 -151210.93455885298 231.67232610724992
 909 -146178.56997569266 138.5545995690538
 910 -152809.10879234227 130.9463928456466
 911 -154030.91235980403 -432.3168952019962
 912 -154166.22982620462 -284.86441339118136
 913 -154195.25813031328 -41.41775184249082
 914 -156276.56348527165 -235.92728371825996
 915 -158238.70735718135 -116.51469877157908
 916 -155790.68882655594 -96.4644965295537
 917 -155602.5239351244 -162.3940992579144
 918 -154403.97125160403 140.49379190643674
 919 -158927.88132737114 -330.23727054665176
 920 -157965.33002373253 191.00065992948169
 921 -158543.2412920516 -222.7989000158378
 922 -157382.4593220636 112.06403943171794
 923 -156080.081109925 -145.96683036620274
 924 -157431.3767206668 -5.5081053771598825
 925 -155254.3410558923 -78.60957560299904
 926 -158089.02592323732 65.88683421308049
 927 -158468.19979660108 49.44429764091033
 928 -158929.9076465864 -541.3425679752496
 929 -157324.29813229223 -196.79576746816062
 930 -156286.6717735755 -63.516615463116636
 931 -157162.81109956017 -197.25186214865423
 932 -157191.37369093992 90.59667819129588
 933 -155734.51980766765 66.17570865173523
 934 -157729.69447263877 -107.73490306001455
 935 -158426.4753884659 -423.49347696738084
 936 -158282.96470562226 -232.63512781072868
 937 -157656.2818105861 -156.3350268843601
 938 -156397.64120722882 52.06072913862635
 939 -157712.21178257125 -75.1538796999538
 940 -157812.49308719658 -313.3132811705164
 941 -158407.58865009178 -402.7365719377629
 942 -155335.96681518602 298.42099367101883
 943 -150789.7242593687 -28.518962468459833
 944 -153571.12962769653 335.5860271799298
 945 -155815.6474796198 15.050735632417272
 946 -150907.9133007646 182.35022108664046
 947 -149565.16771451087 17.346466176516543
 948 -151510.73010010496 -248.2625351370202
 949 -148590.49626099423 1127.2261267672
 950 -148067.3637915925 1297.0892128121895
 951 -152542.7440725395 -11.921706291623213
 952 -150886.01608465434 80.23552370614408
 953 -151386.60676019994 303.63167362020505
 954 -152126.32924725514 267.81925306861075
 955 -154097.78233224488 468.78413153569556
 956 -148210.38046881152 190.59179585415623
 957 -153780.73674069523 -38.04525955227557
 958 -154447.93239297753 256.3781038579691
 959 -154217.6556695588 40.429648476662656
 960 -152845.00350546848 -119.39459718824432
 961 -155783.29259069354 -175.0158088854946
 962 -154842.73310867595 -106.66392144395161
 963 -156376.1006470153 -254.70010148383614
 964 -155434.61896752488 -30.658356540765688
 965 -154933.54211099705 -294.5617884611082
 966 -156324.19696052602 -173.39374695484923
 967 -154532.84394437852 -121.32006787739505
 968 -154518.06318889232 76.87906289202591
 969 -155757.0887919617 -88.2598875029463
 970 -156893.299790988 81.35979240187855
 971 -157403.09510477245 -253.5874010942918
 972 -153995.69133874075 -6.918419769951916
 973 -157624.28325420836 -340.806604175272
 974 -157568.6055458605 174.90997458886915
 975 -157211.48724235248 0.8222394663322532
 976 -154213.57814583628 -75.36684838349521
 977 -155603.97667451247 -108.70503101980057
 978 -157812.2493376133 -222.629680547491
 979 -153718.17151396093 -250.4422978896434
 980 -154846.62299285465 -262.89088997992707
 981 -158052.6036995974 122.13417738622357
 982 -158808.2938659854 -641.7214490268974
 983 -157987.02847775692 -98.33518119093152
 984 -156387.4822766505 -301.1662227318662
 985 -156624.52563312335 101.39245178162179
 986 -157461.32041832196 164.38414639162445
 987 -157077.0920630918 188.4767212445175
 988 -156054.26752907303 139.3679660990015
 989 -156055.53099966544 -80.94518085126239
 990 -156744.16074393984 -188.59973431643368
 991 -153315.9495841353 -114.95780131635892
 992 -154730.2032986282 173.16850667591376
 993 -154401.15455418566 569.4649822006165
 994 -152995.03867060778 770.1745788750836
 995 -153207.55164930958 136.70878109279565
 996 -146775.1643442567 322.6486197502029
 997 -149892.83410547982 33.64477994951057
 998 -145596.5746968746 905.8481321142136
 999 -150257.09740474733 1004.8604600627328
 1000 -146399.01539565405 1094.024898144768
 