%config file
%
4 4 1 0.5
212						
75.94		0.00		14.15		9.91
110						
69.09		0.00		18.18		12.73
165						
50.91		16.97		20.00		12.12
277						
83.03		0.00		9.75		7.22
0	RS		0			0		RS		0.19	0.78	0.78
0	RS		0			0		FS		0.43	0.23	0.23
0	RS		0			0		LTS		0.52	0.23	0.23
0	RS		0			1		RS		0.02	0.36	0.36
0	RS		0			1		FS		0.01	0.05	0.05
0	RS		0			1		LTS		0.01	0.05	0.05
0	RS		0			2		RS		0.06	0.93	0.93
0	RS		0			2		IB		0.02	0.36	0.36
0	RS		1			0		RS		0.14	0.47	0.47
0	RS		1			0		FS		0.14	1.5	1.5
0	RS		2			0		RS		0.07	0.23	0.23
0	RS		2			0		FS		0.08	0.7	0.7												
0	FS		0			0		RS		0.44	-1.5	-1.5
0	FS		0			0		FS		0.62	-1.5	-1.5
0	FS		0			0		LTS		0.34	-1.5	-1.5												
0	LTS		0			0		RS		0.35	-0.83	-0.83
0	LTS		0			0		FS		0.53	-1.5	-1.5
0	LTS		0			0		LTS		0.09	-1.5	-1.5
0	LTS		0			2		RS		0.35	-0.83	-0.83
0	LTS		0			2		FS		0.53	-0.83	-0.83
0	LTS		0			2		IB		0.5	-0.83	-0.83
0	LTS		0			3		RS		0.25	-0.83	-0.83
0	LTS		0			3		FS		0.53	-0.83	-0.83
1	RS		0			0		RS		0.34	0.58	0.58
1	RS		0			0		FS		0.23	0.13	0.13
1	RS		0			0		LTS		0.22	0.13	0.13
1	RS		0			1		RS		0.24	0.95	0.95
1	RS		0			1		FS		0.43	0.23	0.23
1	RS		0			1		LTS		0.51	0.23	0.23
1	RS		0			2		RS		0.12	0.54	0.54
1	RS		0			2		IB		0.12	1.01	1.01
1	RS		0			3		RS		0.03	2.27	2.27
1	RS		1			1		FS		0.14	1.5	1.5												
1	FS		0			1		RS		0.44	-1.5	-1.5
1	FS		0			1		FS		0.62	-1.5	-1.5
1	FS		0			1		LTS		0.34	-1.5	-1.5												
1	LTS		0			1		RS		0.35	-0.83	-0.83
1	LTS		0			1		FS		0.53	-1.5	-1.5
1	LTS		0			1		LTS		0.09	-1.5	-1.5												
2	RS		0			0		RS		0.02	0.67	0.67
2	RS		0			0		FS		0.03	0.13	0.13
2	RS		0			0		LTS		0.52	0.02	0.13
2	RS		0			1		RS		0.01	0.48	0.48
2	RS		0			1		FS		0.13	0.23	0.23
2	RS		0			1		LTS		0.11	0.23	0.23
2	RS		0			2		RS		0.19	0.66	0.66
2	RS		0			2		FS		0.43	0.23	0.23
2	RS		0			2		LTS		0.51	0.23	0.23
2	RS		0			2		IB		0.08	0.88	0.88
2	RS		0			3		RS		0.03	0.28	0.28
2	RS		1			2		RS		0.14	0.47	0.47
2	RS		1			2		FS		0.14	1.5	1.5
2	RS		1			2		IB		0.25	0.47	0.47												
2	FS		0			2		RS		0.44	-1.5	-1.5
2	FS		0			2		FS		0.62	-1.5	-1.5
2	FS		0			2		LTS		0.34	-1.5	-1.5
2	FS		0			2		IB		0.44	-1.5	-1.5												
2	LTS		0			0		RS		0.35	-0.83	-0.83
2	LTS		0			0		FS		0.53	-0.83	-0.83
2	LTS		0			2		RS		0.35	-0.83	-0.83
2	LTS		0			2		FS		0.53	-1	-1
2	LTS		0			2		LTS		0.09	-1	-1
2	LTS		0			2		IB		0.35	-0.83	-0.83
2	LTS		0			3		RS		0.25	-0.83	-0.83
2	LTS		0			3		FS		0.53	-0.83	-0.83						
2	IB		0			0		RS		0.02	0.26	0.26
2	IB		0			0		FS		0.43	0.23	0.23
2	IB		0			0		LTS		0.52	0.23	0.23
2	IB		0			1		RS		0.01	0.17	0.17
2	IB		0			1		FS		0.43	0.23	0.23
2	IB		0			1		LTS		0.51	0.23	0.23
2	IB		0			2		RS		0.02	0.24	0.24
2	IB		0			2		FS		0.43	0.23	0.23
2	IB		0			2		LTS		0.51	0.23	0.23
2	IB		0			2		IB		0.07	0.71	0.71
2	IB		0			3		RS		0.07	0.49	0.49
2	IB		1			0		RS		0.25	0.47	0.47
2	IB		1			0		LTS		0.14	1	1
2	IB		1			2		RS		0.25	0.47	0.47
2	IB		1			2		FS		0.14	0.14	0.14
2	IB		1			2		LTS		0.14	0.14	0.14
2	IB		1			2		IB		0.25	0.25	0.25
2	IB		2			0		RS		0.05	0.23	0.23
2	IB		2			0		LTS		0.07	1	1
2	IB		2			2		RS		0.1	0.47	0.47
2	IB		2			2		FS		0.07	1.5	1.5
2	IB		2			2		LTS		0.07	1	1
2	IB		2			2		IB		0.1	0.47	0.47												
3	RS		0			2		RS		0.006	0.08	0.08
3	RS		0			2		IB		0.03	0.53	0.53
3	RS		0			3		RS		0.03	0.53	0.53
3	RS		0			3		FS		0.43	0.23	0.23
3	RS		0			3		LTS		0.51	0.23	0.23
3	RS		1			2		FS		0.14	0.23	0.23												
3	FS		0			3		RS		0.44	-1.5	-1.5
3	FS		0			3		FS		0.62	-1.5	-1.5
3	FS		0			3		LTS		0.34	-1.5	-1.5												
3	LTS		0			0		RS		0.35	-0.83	-0.83
3	LTS		0			0		FS		0.53	-0.83	-0.83
3	LTS		0			2		RS		0.25	-0.83	-0.83
3	LTS		0			2		FS		0.53	-0.83	-0.83
3	LTS		0			2		IB		0.25	-0.83	-0.83
3	LTS		0			3		RS		0.35	-0.83	-0.83
3	LTS		0			3		FS		0.53	-1	-1
3	LTS		0			3		LTS		0.09	-1	-1
