3.800000000000002 683 0
 4.000000000000002 1723 3
 4.100000000000001 2496 3
 4.5 2280 3
 4.699999999999999 318 3
 5.099999999999998 2495 3
 5.1999999999999975 1512 3
 5.1999999999999975 2313 2
 5.299999999999997 750 3
 5.299999999999997 1733 3
 5.299999999999997 2741 3
 5.399999999999997 3044 3
 5.599999999999996 1222 3
 5.599999999999996 2286 3
 5.899999999999995 1077 3
 6.199999999999994 1224 3
 6.299999999999994 1715 3
 6.399999999999993 1897 0
 6.499999999999993 1844 3
 6.5999999999999925 1982 3
 6.799999999999992 443 3
 6.8999999999999915 3041 3
 7.099999999999991 209 3
 7.39999999999999 960 3
 7.39999999999999 1226 3
 7.499999999999989 1073 3
 7.499999999999989 1216 3
 7.499999999999989 3043 3
 7.599999999999989 2492 3
 7.899999999999988 2284 3
 8.099999999999987 1218 3
 8.199999999999987 1980 3
 8.499999999999986 439 3
 8.499999999999986 2269 3
 8.499999999999986 2279 3
 8.699999999999985 756 3
 8.699999999999985 1972 3
 8.799999999999985 317 3
 8.799999999999985 452 3
 8.799999999999985 965 3
 8.799999999999985 2743 3
 8.899999999999984 211 3
 8.899999999999984 1078 3
 8.999999999999984 316 3
 8.999999999999984 1514 3
 8.999999999999984 1840 3
 9.099999999999984 1223 3
 9.099999999999984 1717 3
 9.299999999999983 760 3
 9.299999999999983 1719 3
 9.399999999999983 1524 3
 9.599999999999982 1714 3
 9.599999999999982 1965 3
 9.699999999999982 959 3
 9.799999999999981 3051 3
 9.89999999999998 1520 3
 9.99999999999998 3039 3
 10.09999999999998 762 3
 10.09999999999998 2735 3
 10.29999999999998 446 3
 10.399999999999979 1731 3
 10.699999999999978 963 3
 10.799999999999978 313 3
 10.799999999999978 1737 3
 11.199999999999976 2736 3
 11.299999999999976 1971 3
 11.599999999999975 738 0
 11.599999999999975 2737 3
 11.699999999999974 747 3
 11.799999999999974 1713 3
 11.999999999999973 1843 3
 12.299999999999972 2119 0
 12.299999999999972 2727 3
 12.399999999999972 1513 3
 12.399999999999972 2611 3
 12.499999999999972 964 3
 12.599999999999971 202 3
 12.89999999999997 972 3
 13.199999999999969 1716 3
 13.199999999999969 2981 0
 13.299999999999969 453 3
 13.299999999999969 1728 3
 13.399999999999968 1847 3
 13.399999999999968 2486 3
 13.399999999999968 2487 3
 13.499999999999968 761 3
 13.599999999999968 3041 3
 13.799999999999967 752 3
 13.899999999999967 1967 3
 14.099999999999966 1085 3
 14.499999999999964 445 3
 14.599999999999964 1895 0
 15.099999999999962 312 3
 15.199999999999962 3046 3
 15.299999999999962 2500 3
 15.399999999999961 743 3
 15.69999999999996 440 3
 15.79999999999996 1721 3
 15.99999999999996 753 3
 16.09999999999996 656 0
 16.29999999999996 1969 3
 16.499999999999964 319 3
 17.099999999999973 1071 3
 17.199999999999974 2276 3
 17.199999999999974 2490 3
 17.299999999999976 455 3
 17.299999999999976 1718 3
 17.399999999999977 1846 3
 17.59999999999998 1970 3
 17.899999999999984 600 0
 17.899999999999984 2739 3
 18.699999999999996 1727 3
 18.799999999999997 1523 3
 18.799999999999997 1849 3
 19.0 742 3
 19.0 1002 0
 19.1 1964 3
 19.200000000000003 1083 3
 19.200000000000003 2491 3
 19.400000000000006 2709 0
 19.60000000000001 2273 3
 19.900000000000013 3042 3
 20.000000000000014 441 3
 20.000000000000014 2205 0
 20.100000000000016 1983 3
 20.200000000000017 2289 3
 20.30000000000002 2275 3
 20.800000000000026 438 3
 20.800000000000026 967 3
 20.900000000000027 208 3
 21.400000000000034 1730 3
 21.600000000000037 1974 3
 21.80000000000004 2731 3
 22.000000000000043 852 0
 22.200000000000045 3050 3
 22.300000000000047 1722 3
 22.40000000000005 449 3
 22.40000000000005 1516 3
 22.50000000000005 307 3
 23.000000000000057 1968 3
 23.800000000000068 759 3
 23.800000000000068 2188 0
 24.00000000000007 757 3
 24.500000000000078 63 0
 24.500000000000078 1286 0
 24.70000000000008 2277 3
 24.800000000000082 205 3
 24.800000000000082 2011 1
 25.000000000000085 1517 3
 25.600000000000094 447 3
 26.0000000000001 2606 3
 26.300000000000104 2853 0
 26.600000000000108 1976 3
 27.000000000000114 1519 3
 27.100000000000115 1110 2
 27.100000000000115 2285 3
 27.200000000000117 1736 3
 27.300000000000118 2578 0
 27.40000000000012 1981 3
 27.50000000000012 436 3
 27.50000000000012 454 3
 27.700000000000124 210 3
 27.800000000000125 444 3
 28.000000000000128 2291 3
 28.10000000000013 1842 3
 28.300000000000132 3049 3
 28.500000000000135 3053 3
 28.90000000000014 1973 3
 29.400000000000148 448 3
 29.60000000000015 459 1
 29.60000000000015 1848 3
 29.800000000000153 204 3
 29.900000000000155 748 3
 30.400000000000162 2272 3
 30.500000000000163 1838 3
 30.800000000000168 2344 0
 31.00000000000017 2868 0
 31.400000000000176 958 3
 31.400000000000176 1963 3
 31.500000000000178 450 3
 31.70000000000018 3038 3
 31.900000000000183 1515 3
 32.000000000000185 971 3
 32.100000000000186 2496 3
 32.60000000000019 2502 3
 32.800000000000196 2735 3
 33.2000000000002 2674 0
 33.500000000000206 751 3
 34.00000000000021 1521 3
 34.00000000000021 2271 3
 34.200000000000216 315 3
 34.200000000000216 1732 3
 34.30000000000022 735 0
 34.40000000000022 2948 0
 34.60000000000022 1093 2
 34.70000000000022 1689 0
 34.900000000000226 1738 3
 35.20000000000023 1525 3
 35.70000000000024 435 3
 35.70000000000024 2740 3
 35.80000000000024 1979 3
 36.50000000000025 1845 3
 36.50000000000025 2113 0
 36.80000000000025 1223 3
 37.000000000000256 1235 1
 37.10000000000026 443 3
 37.20000000000026 2603 3
 38.20000000000027 755 3
 38.300000000000274 1509 3
 38.50000000000028 1789 0
 38.60000000000028 968 3
 38.70000000000028 2607 3
 38.80000000000028 1984 3
 39.30000000000029 957 3
 39.30000000000029 2602 3
 39.40000000000029 437 3
 39.40000000000029 2932 0
 39.60000000000029 2271 3
 39.60000000000029 2730 3
 40.1000000000003 206 3
 40.2000000000003 2599 3
 40.500000000000306 969 3
 41.30000000000032 1217 3
 41.40000000000032 1081 3
 41.50000000000032 1219 3
 41.50000000000032 2277 3
 41.60000000000032 1850 2
 41.70000000000032 974 3
 42.10000000000033 1077 3
 42.10000000000033 1477 0
 42.20000000000033 1073 3
 42.500000000000334 2217 0
 42.600000000000335 446 3
 42.70000000000034 1004 0
 42.80000000000034 2652 0
 42.90000000000034 1079 3
 43.00000000000034 3028 0
 43.10000000000034 321 3
 43.40000000000035 1138 0
 43.900000000000354 2288 3
 44.000000000000355 2498 3
 44.10000000000036 448 3
 44.10000000000036 2575 0
 44.20000000000036 678 0
 44.30000000000036 202 3
 44.40000000000036 2956 0
 44.80000000000037 2553 0
 45.00000000000037 1724 3
 45.10000000000037 843 0
 45.300000000000374 608 0
 45.50000000000038 744 3
 45.50000000000038 758 3
 45.50000000000038 1511 3
 45.90000000000038 2497 3
 46.20000000000039 310 3
 46.20000000000039 3040 3
 46.30000000000039 1078 3
 46.60000000000039 517 0
 46.60000000000039 1971 3
 46.700000000000394 1817 0
 46.700000000000394 2178 0
 47.0000000000004 2803 0
 47.2000000000004 309 3
 47.2000000000004 1231 1
 47.3000000000004 1461 0
 47.90000000000041 282 0
 48.00000000000041 1843 3
 48.60000000000042 962 3
 48.60000000000042 1520 3
 48.70000000000042 2129 0
 48.80000000000042 2191 0
 49.40000000000043 1218 3
 50.400000000000446 1509 3
 50.400000000000446 1726 3
 50.60000000000045 1510 3
 50.60000000000045 1872 2
 50.80000000000045 1221 3
 51.100000000000456 966 3
 51.30000000000046 1992 1
 51.700000000000465 2734 3
 51.90000000000047 224 2
 52.10000000000047 2945 0
 52.30000000000047 2695 0
 52.400000000000475 115 0
 52.400000000000475 1924 0
 52.500000000000476 1072 3
 52.70000000000048 1228 1
 52.70000000000048 1844 3
 53.100000000000485 973 3
 53.30000000000049 1733 3
 53.40000000000049 1728 3
 53.50000000000049 2601 3
 53.70000000000049 1756 0
 54.0000000000005 1082 3
 54.70000000000051 742 3
 55.00000000000051 66 0
 55.40000000000052 1987 1
 55.60000000000052 453 3
 55.80000000000052 2962 0
 56.000000000000526 2492 3
 56.40000000000053 452 3
 56.700000000000536 967 3
 56.80000000000054 1717 3
 56.90000000000054 203 3
 57.00000000000054 2280 3
 57.10000000000054 1723 3
 57.50000000000055 2656 0
 57.60000000000055 313 3
 57.60000000000055 2273 3
 57.80000000000055 1334 0
 57.80000000000055 1526 3
 57.80000000000055 2976 0
 58.100000000000556 3035 0
 58.60000000000056 1041 0
 58.800000000000566 3043 3
 59.80000000000058 1983 3
 59.80000000000058 2737 3
 59.90000000000058 1075 3
 59.90000000000058 1978 3
 60.100000000000584 2010 1
 60.200000000000585 184 0
 60.200000000000585 2605 3
 60.900000000000595 2946 0
 61.4000000000006 352 0
 61.70000000000061 1222 3
 62.10000000000061 204 3
 62.200000000000614 207 3
 62.70000000000062 277 0
 62.70000000000062 1982 3
 62.80000000000062 2267 0
 62.900000000000624 2490 3
 63.20000000000063 3016 0
 63.30000000000063 442 3
 63.40000000000063 142 0
 63.50000000000063 1725 3
 63.80000000000064 963 3
 64.00000000000064 1360 0
 64.10000000000063 1518 3
 64.20000000000063 1739 3
 65.80000000000054 1527 3
 66.30000000000051 1188 0
 66.4000000000005 1251 2
 66.5000000000005 2155 0
 66.80000000000048 541 0
 67.10000000000046 1136 0
 67.20000000000046 1719 3
 67.30000000000045 1071 3
 67.40000000000045 2762 1
 67.80000000000042 975 3
 67.80000000000042 1972 3
 67.90000000000042 2885 0
 68.1000000000004 2198 0
 68.2000000000004 294 0
 68.50000000000038 1681 0
 68.50000000000038 2257 0
 68.70000000000037 948 0
 68.70000000000037 2590 0
 69.10000000000035 969 3
 69.20000000000034 1958 0
 69.40000000000033 1080 3
 69.50000000000033 1729 3
 69.60000000000032 2805 0
 69.80000000000031 960 3
 69.80000000000031 2428 0
 70.10000000000029 745 3
 70.10000000000029 2282 3
 70.10000000000029 2287 3
 70.30000000000028 2269 3
 70.40000000000028 2731 3
 70.60000000000026 43 0
 70.90000000000025 2838 0
 71.10000000000024 1512 3
 71.20000000000023 210 3
 71.50000000000021 1965 3
 71.50000000000021 3047 3
 72.00000000000018 750 3
 72.20000000000017 3044 3
 72.40000000000016 2493 3
 72.70000000000014 1121 2
 72.80000000000014 1712 3
 73.10000000000012 1410 0
 73.10000000000012 2329 0
 73.20000000000012 2372 0
 73.70000000000009 373 0
 73.80000000000008 1524 3
 73.80000000000008 1853 2
 73.90000000000008 439 3
 74.10000000000007 3049 3
 74.30000000000005 2610 3
 74.70000000000003 1964 3
 74.70000000000003 2290 3
 74.70000000000003 2612 3
 74.90000000000002 2732 3
 75.2 2552 0
 75.3 792 2
 75.3 3040 3
 75.59999999999998 1967 3
 75.89999999999996 359 0
 75.89999999999996 1378 0
 75.99999999999996 2421 0
 76.29999999999994 1699 0
 76.29999999999994 2743 3
 76.39999999999993 436 3
 76.39999999999993 1981 3
 77.0999999999999 1470 0
 77.29999999999988 880 0
 77.29999999999988 2279 3
 77.39999999999988 1839 3
 77.69999999999986 3041 3
 78.09999999999984 1725 3
 78.19999999999983 759 3
 78.29999999999983 1074 3
 78.39999999999982 148 0
 78.49999999999982 2559 0
 78.6999999999998 3026 0
 78.7999999999998 2283 3
 79.29999999999977 1448 0
 79.59999999999975 319 3
 79.59999999999975 1596 0
 79.89999999999974 1975 3
 80.39999999999971 1955 0
 80.39999999999971 2971 0
 80.5999999999997 965 3
 81.29999999999966 201 3
 81.69999999999963 2359 0
 81.99999999999962 1927 0
 81.99999999999962 1976 3
 82.09999999999961 2593 0
 82.1999999999996 377 0
 82.1999999999996 1969 3
 82.2999999999996 1973 3
 82.3999999999996 2487 3
 82.59999999999958 2714 0
 82.79999999999957 959 3
 82.99999999999956 2489 3
 83.59999999999953 1238 1
 83.69999999999952 2969 0
 84.19999999999949 393 0
 84.19999999999949 1849 3
 84.69999999999946 1808 0
 84.69999999999946 2278 3
 84.99999999999945 317 3
 85.09999999999944 285 0
 85.29999999999943 935 0
 85.49999999999942 1723 3
 85.59999999999941 2193 0
 85.8999999999994 2086 0
 86.89999999999934 908 0
 86.89999999999934 1831 0
 86.89999999999934 2337 0
 87.09999999999933 1445 0
 87.29999999999932 444 3
 87.5999999999993 258 0
 87.5999999999993 964 3
 87.79999999999929 1076 3
 87.89999999999928 760 3
 88.29999999999926 1915 0
 88.39999999999925 244 0
 88.49999999999925 456 3
 88.49999999999925 2215 0
 88.79999999999923 1722 3
 89.09999999999921 1984 3
 89.1999999999992 2562 0
 89.3999999999992 441 3
 89.3999999999992 2284 3
 89.49999999999919 1966 3
 89.59999999999918 3051 3
 90.19999999999915 2524 0
 90.29999999999914 1578 0
 90.39999999999914 116 0
 91.1999999999991 233 0
 91.29999999999909 754 3
 91.29999999999909 972 3
 91.29999999999909 1846 3
 91.39999999999908 1731 3
 91.99999999999905 2118 0
 92.09999999999904 2998 0
 92.29999999999903 2741 3
 92.39999999999903 2246 0
 92.69999999999901 1486 0
 92.69999999999901 1971 3
 92.899999999999 1140 0
 93.09999999999899 1738 3
 93.09999999999899 2739 3
 93.29999999999897 1714 3
 93.49999999999896 839 0
 93.69999999999895 208 3
 93.79999999999895 923 0
 93.89999999999894 1970 3
 94.09999999999893 1225 3
 94.99999999999888 2199 0
 95.09999999999887 313 3
 95.19999999999887 1713 3
 95.29999999999886 311 3
 95.29999999999886 442 3
 95.29999999999886 1512 3
 95.29999999999886 2177 0
 95.29999999999886 3033 0
 95.39999999999885 1005 0
 95.89999999999883 1697 0
 95.99999999999882 1388 0
 96.09999999999881 3039 3
 96.59999999999879 12 2
 96.59999999999879 1282 0
 96.59999999999879 2603 3
 97.29999999999875 1103 2
 97.49999999999874 2608 3
 98.1999999999987 2518 0
 98.1999999999987 2843 0
 98.1999999999987 2999 0
 98.29999999999869 315 3
 98.39999999999868 2094 0
 98.49999999999868 291 0
 98.49999999999868 528 0
 99.19999999999864 974 3
 100.29999999999858 548 0
 100.59999999999856 186 0
 100.79999999999855 127 0
 100.79999999999855 1015 0
 100.99999999999854 133 0
 100.99999999999854 2736 3
 101.19999999999852 2355 0
 101.5999999999985 2285 3
 101.5999999999985 2771 1
 102.09999999999847 1982 3
 102.49999999999845 183 0
 102.49999999999845 1521 3
 102.49999999999845 1963 3
 102.69999999999844 227 0
 102.89999999999843 739 0
 102.89999999999843 1178 0
 103.19999999999841 44 0
 103.2999999999984 752 3
 103.59999999999839 2530 0
 103.59999999999839 3048 3
 103.99999999999837 440 3
 104.09999999999836 573 0
 104.09999999999836 1882 2
 104.19999999999835 590 0
 104.39999999999834 309 3
 104.49999999999834 320 3
 104.89999999999831 29 2
 104.99999999999831 318 3
 105.0999999999983 1838 3
 105.39999999999829 1460 0
 105.79999999999826 546 0
 105.79999999999826 1034 0
 106.19999999999824 306 0
 106.29999999999824 1815 0
 106.29999999999824 2488 3
 106.49999999999822 1571 0
 106.7999999999982 814 0
 106.8999999999982 1782 0
 106.9999999999982 534 0
 107.19999999999818 1438 0
 107.39999999999817 2500 3
 107.59999999999816 438 3
 107.59999999999816 751 3
 107.89999999999814 2238 0
 107.89999999999814 2272 3
 107.99999999999814 1728 3
 108.19999999999813 755 3
 108.29999999999812 763 3
 108.39999999999812 536 0
 108.6999999999981 1523 3
 108.6999999999981 2066 0
 108.99999999999808 2084 0
 109.59999999999805 2276 3
 110.499999999998 932 0
 110.69999999999798 2774 1
 110.89999999999797 2571 0
 110.99999999999797 2599 3
 110.99999999999797 2834 0
 111.09999999999796 638 0
 111.09999999999796 1079 3
 111.29999999999795 2076 0
 111.69999999999793 2373 0
 112.39999999999789 1707 0
 112.39999999999789 1793 0
 112.39999999999789 2739 3
 112.69999999999787 1289 0
 112.69999999999787 2289 3
 112.79999999999787 1476 0
 112.79999999999787 2478 0
 112.89999999999786 1208 0
 113.19999999999784 623 0
 113.29999999999784 451 3
 113.29999999999784 2602 3
 113.69999999999781 762 3
 113.9999999999978 2460 0
 114.29999999999778 1236 1
 114.49999999999777 1165 0
 114.89999999999775 753 3
 115.09999999999773 1451 0
 115.19999999999773 1117 2
 115.19999999999773 1218 3
 115.19999999999773 1714 3
 115.29999999999772 319 3
 115.39999999999772 1062 0
 115.5999999999977 1734 3
 115.5999999999977 2772 1
 115.6999999999977 3043 3
 116.09999999999768 289 0
 116.09999999999768 1733 3
 116.19999999999767 2173 0
 116.39999999999766 677 0
 116.39999999999766 2894 0
 116.59999999999765 1720 3
 116.69999999999764 1335 0
 117.19999999999762 2227 0
 117.29999999999761 437 3
 118.09999999999756 205 3
 118.19999999999756 849 0
 118.19999999999756 2299 2
 118.19999999999756 2755 1
 118.49999999999754 1374 0
 118.69999999999753 1078 3
 118.79999999999752 2271 3
 118.79999999999752 2967 0
 119.1999999999975 2569 0
 119.59999999999748 1657 0
 119.59999999999748 1679 0
 119.79999999999747 2742 3
 120.09999999999745 1841 3
 120.19999999999744 761 3
 120.19999999999744 1084 3
 120.19999999999744 2496 3
 120.19999999999744 2831 0
 120.49999999999743 1082 3
 120.59999999999742 749 3
 120.79999999999741 1077 3
 120.8999999999974 1737 3
 121.19999999999739 791 2
 121.29999999999738 308 3
 121.59999999999737 1513 3
 121.69999999999736 2818 0
 121.89999999999735 2194 0
 121.99999999999734 562 0
 122.39999999999732 1514 3
 122.39999999999732 1820 0
 122.49999999999731 3044 3
 122.59999999999731 969 3
 122.7999999999973 1224 3
 122.7999999999973 1732 3
 122.89999999999729 2486 3
 123.09999999999728 2382 0
 123.29999999999727 2735 3
 123.39999999999726 1075 3
 123.59999999999725 2728 3
 123.79999999999724 429 0
 123.79999999999724 1500 0
 124.09999999999722 2273 3
 124.29999999999721 742 3
 124.79999999999718 963 3
 124.89999999999718 967 3
 125.49999999999714 1511 3
 125.49999999999714 2389 0
 125.89999999999712 312 3
 125.99999999999712 262 0
 126.09999999999711 1397 0
 126.2999999999971 2220 0
 126.89999999999706 1965 3
 126.99999999999706 805 0
 126.99999999999706 2802 0
 127.09999999999705 1843 3
 127.39999999999704 444 3
 127.69999999999702 696 0
 127.999999999997 65 0
 128.299999999997 448 3
 128.399999999997 971 3
 128.399999999997 3040 3
 128.69999999999698 210 3
 128.99999999999696 1300 0
 129.39999999999694 122 0
 129.49999999999693 35 0
 129.49999999999693 1391 0
 129.49999999999693 1925 0
 129.7999999999969 750 3
 129.7999999999969 1810 0
 129.7999999999969 3010 0
 129.9999999999969 823 0
 130.29999999999688 2121 0
 130.59999999999687 734 0
 130.69999999999686 691 0
 130.79999999999686 1719 3
 131.49999999999682 909 0
 131.49999999999682 1973 3
 131.5999999999968 2733 3
 131.6999999999968 2549 0
 131.7999999999968 2279 3
 132.09999999999678 1649 0
 132.09999999999678 1942 0
 132.39999999999677 2277 3
 132.49999999999676 886 0
 132.49999999999676 1308 0
 132.89999999999674 1969 3
 133.5999999999967 443 3
 133.6999999999967 209 3
 133.6999999999967 2589 0
 133.89999999999668 157 0
 133.89999999999668 2225 0
 133.99999999999667 1195 0
 134.29999999999666 1524 3
 134.49999999999665 1180 0
 134.59999999999664 310 3
 134.79999999999663 2206 0
 134.89999999999662 2492 3
 135.0999999999966 2042 2
 135.3999999999966 1976 3
 135.79999999999657 1799 0
 135.99999999999656 208 3
 135.99999999999656 571 0
 135.99999999999656 2911 0
 136.09999999999656 2863 0
 136.09999999999656 3038 3
 136.39999999999654 2330 0
 136.59999999999653 2541 0
 136.79999999999652 2994 0
 136.8999999999965 236 0
 137.2999999999965 1002 0
 137.49999999999648 1768 0
 137.69999999999646 1031 0
 137.89999999999645 2063 0
 137.89999999999645 2500 3
 137.99999999999645 2274 3
 138.09999999999644 993 2
 138.39999999999642 1226 3
 138.6999999999964 1576 0
 138.7999999999964 317 3
 138.8999999999964 462 1
 138.8999999999964 1867 2
 138.9999999999964 201 3
 139.09999999999638 275 0
 139.29999999999637 452 3
 139.29999999999637 2909 0
 139.49999999999636 3052 3
 139.59999999999636 36 0
 139.59999999999636 2333 0
 139.69999999999635 1926 0
 139.89999999999634 383 0
 140.4999999999963 1073 3
 140.4999999999963 1520 3
 141.19999999999627 2594 0
 141.39999999999625 255 0
 141.49999999999625 1717 3
 141.59999999999624 1984 3
 141.69999999999624 1020 0
 141.69999999999624 1392 0
 141.89999999999623 2737 3
 142.09999999999621 14 2
 142.89999999999617 544 0
 142.89999999999617 2952 0
 143.39999999999614 1366 0
 143.8999999999961 1970 3
 143.9999999999961 1949 0
 144.1999999999961 1963 3
 144.2999999999961 1740 2
 144.39999999999608 1125 0
 144.39999999999608 2369 0
 144.69999999999607 1904 0
 144.79999999999606 676 0
 144.99999999999605 2603 3
 145.09999999999604 310 3
 145.19999999999604 3053 3
 145.59999999999602 2485 0
 145.699999999996 2270 3
 145.799999999996 807 0
 145.799999999996 1552 0
 145.799999999996 2503 3
 145.999999999996 2285 3
 146.19999999999598 1079 3
 146.29999999999598 1726 3
 146.39999999999597 1592 0
 146.79999999999595 1072 3
 146.89999999999594 759 3
 146.89999999999594 965 3
 147.19999999999592 315 3
 147.19999999999592 1777 0
 147.29999999999592 1853 2
 147.3999999999959 971 3
 147.5999999999959 447 3
 147.5999999999959 1461 0
 148.29999999999586 2180 0
 148.39999999999586 1150 0
 148.99999999999582 313 3
 149.1999999999958 966 3
 149.5999999999958 204 3
 149.69999999999578 743 3
 149.79999999999578 207 3
 150.49999999999574 1579 0
 150.69999999999573 1216 3
 150.9999999999957 707 0
 151.0999999999957 104 0
 151.49999999999568 610 0
 151.49999999999568 1557 0
 151.59999999999567 2715 0
 151.69999999999567 957 3
 151.69999999999567 3045 3
 152.19999999999564 2278 3
 152.29999999999563 1421 0
 152.29999999999563 2997 0
 152.59999999999562 446 3
 152.8999999999956 2736 3
 152.9999999999956 1967 3
 153.19999999999558 2740 3
 153.29999999999558 1982 3
 153.79999999999555 454 3
 153.89999999999554 78 0
 153.89999999999554 1489 0
 154.09999999999553 966 3
 154.09999999999553 1310 0
 154.19999999999553 1071 3
 154.19999999999553 1812 0
 154.29999999999552 2280 3
 154.6999999999955 3041 3
 154.7999999999955 2564 0
 154.8999999999955 1971 3
 154.99999999999548 461 1
 154.99999999999548 1456 0
 155.59999999999545 453 3
 155.69999999999544 2269 3
 155.79999999999544 2578 0
 156.3999999999954 209 3
 156.3999999999954 1517 3
 156.79999999999538 1991 1
 157.09999999999536 1972 3
 157.19999999999536 2925 0
 157.59999999999533 211 3
 157.69999999999533 801 0
 157.69999999999533 2499 3
 157.79999999999532 2250 0
 158.1999999999953 372 0
 158.1999999999953 2426 0
 158.2999999999953 162 0
 158.2999999999953 3046 3
 158.49999999999528 1077 3
 158.69999999999527 1907 0
 158.89999999999526 1981 3
 159.29999999999524 479 1
 159.29999999999524 1349 0
 159.49999999999523 1219 3
 159.59999999999522 2212 0
 159.7999999999952 1614 0
 160.19999999999519 1983 3
 160.49999999999517 2364 0
 160.49999999999517 2763 1
 160.59999999999516 3035 0
 161.5999999999951 198 0
 161.6999999999951 1422 0
 161.7999999999951 968 3
 161.8999999999951 202 3
 161.8999999999951 2490 3
 162.19999999999507 1923 0
 162.59999999999505 1223 3
 162.79999999999504 3044 3
 162.89999999999503 3051 3
 162.99999999999503 240 0
 163.499999999995 1200 0
 163.499999999995 2731 3
 163.599999999995 1844 3
 163.699999999995 3018 0
 163.79999999999498 757 3
 163.79999999999498 1521 3
 163.89999999999498 1977 3
 163.99999999999497 2357 0
 164.29999999999495 2492 3
 164.69999999999493 750 3
 164.79999999999492 747 3
 164.9999999999949 2487 3
 165.0999999999949 762 3
 165.3999999999949 1502 0
 165.49999999999488 1840 3
 165.59999999999488 2977 0
 165.59999999999488 3047 3
 165.79999999999487 1056 0
 166.09999999999485 591 0
 166.29999999999484 1976 3
 166.29999999999484 2670 0
 166.39999999999483 2920 0
 166.49999999999483 902 0
 167.0999999999948 2041 2
 167.1999999999948 730 0
 167.29999999999478 375 0
 167.39999999999478 90 0
 167.39999999999478 1162 0
 167.79999999999475 1712 3
 168.09999999999474 1499 0
 168.09999999999474 1733 3
 168.19999999999473 1722 3
 168.29999999999472 1514 3
 168.4999999999947 1321 0
 168.7999999999947 1525 3
 169.69999999999465 1393 0
 169.89999999999463 1457 0
 169.89999999999463 1806 0
 169.89999999999463 2602 3
 169.99999999999463 1081 3
 170.2999999999946 2884 0
 170.3999999999946 1522 3
 170.4999999999946 587 0
 170.4999999999946 1780 0
 170.99999999999457 450 3
 170.99999999999457 756 3
 171.09999999999457 448 3
 171.29999999999455 752 3
 171.59999999999454 604 0
 171.69999999999453 1467 0
 171.79999999999453 1036 0
 171.79999999999453 2887 0
 172.0999999999945 2669 0
 172.2999999999945 2764 1
 172.3999999999945 2275 3
 172.69999999999447 436 3
 172.89999999999446 2417 0
 173.39999999999444 961 3
 173.39999999999444 1838 3
 173.49999999999443 1716 3
 173.49999999999443 1723 3
 173.69999999999442 1610 0
 173.7999999999944 965 3
 174.1999999999944 2447 0
 174.49999999999437 386 0
 174.69999999999436 2276 3
 174.79999999999436 1830 0
 174.89999999999435 2730 3
 174.99999999999434 701 0
 175.09999999999434 1833 0
 175.19999999999433 1436 0
 175.29999999999433 2735 3
 175.49999999999432 205 3
 175.49999999999432 2954 0
 175.9999999999943 314 3
 176.49999999999426 561 0
 176.69999999999425 1762 0
 176.79999999999424 2792 2
 176.89999999999424 1725 3
 176.89999999999424 1827 0
 177.19999999999422 675 0
 177.2999999999942 575 0
 177.2999999999942 1714 3
 177.3999999999942 2353 0
 177.5999999999942 1139 0
 177.89999999999418 760 3
 178.29999999999416 2281 3
 178.59999999999414 2734 3
 178.79999999999413 1446 0
 178.79999999999413 2700 0
 179.1999999999941 1695 0
 179.4999999999941 3054 3
 180.19999999999405 2163 0
 180.39999999999404 47 0
 180.79999999999401 1622 0
 181.099999999994 1730 3
 181.099999999994 2743 3
 181.199999999994 1148 0
 181.299999999994 1523 3
 182.09999999999394 538 0
 182.09999999999394 724 0
 182.09999999999394 2335 0
 182.39999999999392 1731 3
 182.39999999999392 1739 3
 182.49999999999392 2458 0
 182.5999999999939 2289 3
 182.8999999999939 743 3
 183.09999999999388 1849 3
 183.29999999999387 742 3
 183.59999999999386 2864 0
 183.79999999999384 634 0
 183.89999999999384 1220 3
 184.29999999999382 1895 0
 184.6999999999938 2412 0
 184.7999999999938 1159 0
 184.7999999999938 2607 3
 185.39999999999375 2599 3
 185.69999999999374 2770 1
 185.99999999999372 445 3
 186.0999999999937 1338 0
 186.0999999999937 1970 3
 186.1999999999937 3037 0
 186.3999999999937 2144 0
 186.79999999999367 2096 0
 187.19999999999365 439 3
 187.19999999999365 2600 3
 187.29999999999364 182 0
 187.29999999999364 1713 3
 187.29999999999364 1845 3
 187.39999999999364 2286 3
 187.49999999999363 307 3
 187.69999999999362 2604 3
 187.8999999999936 2528 0
 188.2999999999936 997 0
 188.39999999999358 1218 3
 188.59999999999357 437 3
 189.19999999999354 1573 0
 189.29999999999353 452 3
 189.29999999999353 622 0
 189.29999999999353 2396 0
 189.29999999999353 2401 0
 189.39999999999353 3041 3
 189.6999999999935 1281 0
 189.6999999999935 1526 3
 190.09999999999349 612 0
 190.29999999999347 673 0
 190.69999999999345 1903 0
 190.79999999999345 350 0
 190.79999999999345 1510 3
 190.99999999999343 1226 3
 191.29999999999342 1961 0
 191.5999999999934 321 3
 191.5999999999934 2002 1
 191.6999999999934 1728 3
 191.6999999999934 2500 3
 191.7999999999934 1329 0
 191.89999999999338 1605 0
 191.99999999999338 318 3
 192.09999999999337 2893 0
 192.39999999999336 1512 3
 192.49999999999335 1227 1
 192.59999999999334 555 0
 192.69999999999334 204 3
 192.89999999999333 1847 3
 193.09999999999332 98 0
 193.2999999999933 1964 3
 193.3999999999933 2117 0
 193.3999999999933 2706 0
 193.4999999999933 449 3
 193.89999999999327 1085 3
 193.99999999999326 2606 3
 194.39999999999324 2609 3
 194.8999999999932 537 0
 195.49999999999318 943 0
 195.79999999999316 1509 3
 196.09999999999314 959 3
 196.19999999999314 1940 0
 196.39999999999313 2020 2
 196.49999999999312 2272 3
 196.59999999999312 1998 1
 197.0999999999931 2222 0
 197.19999999999308 1602 0
 197.59999999999306 1472 0
 197.59999999999306 1606 0
 197.69999999999305 210 3
 197.69999999999305 1325 0
 197.69999999999305 1978 3
 197.69999999999305 2632 2
 197.79999999999305 111 0
 198.09999999999303 960 3
 198.09999999999303 2077 0
 198.19999999999303 653 0
 198.99999999999298 1073 3
 199.19999999999297 1194 0
 199.29999999999296 2397 0
 199.49999999999295 2645 0
 199.59999999999295 1719 3
 199.89999999999293 2031 2
 200.09999999999292 1843 3
 200.69999999999288 431 0
 200.79999999999288 2266 0
 200.79999999999288 2737 3
 200.89999999999287 1685 0
 201.09999999999286 922 0
 201.19999999999285 1176 0
 201.19999999999285 1187 0
 201.59999999999283 357 0
 201.59999999999283 763 3
 201.69999999999283 893 0
 201.79999999999282 887 0
 202.0999999999928 1520 3
 202.1999999999928 1355 0
 202.1999999999928 2888 0
 202.3999999999928 2801 2
 202.79999999999276 308 3
 202.99999999999275 2488 3
 202.99999999999275 2602 3
 203.49999999999272 1809 0
 203.8999999999927 1711 0
 204.0999999999927 3038 3
 204.19999999999268 1636 0
 204.29999999999268 1965 3
 204.59999999999266 316 3
 204.69999999999266 917 0
 204.79999999999265 2523 0
 205.19999999999263 2056 0
 205.4999999999926 1969 3
 205.6999999999926 2661 0
 205.8999999999926 1962 3
 206.19999999999257 761 3
 206.29999999999256 669 0
 206.29999999999256 974 3
 206.29999999999256 1429 0
 206.29999999999256 1763 0
 206.29999999999256 2152 0
 206.39999999999256 563 0
 206.49999999999255 3040 3
 206.79999999999254 547 0
 207.09999999999252 3053 3
 207.1999999999925 2434 0
 207.3999999999925 574 0
 207.3999999999925 2271 3
 207.5999999999925 535 0
 207.69999999999249 725 0
 207.69999999999249 1714 3
 207.79999999999248 408 0
 207.99999999999247 443 3
 207.99999999999247 2605 3
 208.09999999999246 2251 0
 208.29999999999245 125 0
 208.39999999999245 154 0
 208.59999999999243 88 0
 208.59999999999243 1838 3
 208.89999999999242 736 0
 208.89999999999242 964 3
 208.89999999999242 1410 0
 208.89999999999242 2303 2
 208.9999999999924 753 3
 209.89999999999236 2595 0
 209.99999999999235 2608 3
 210.09999999999235 963 3
 210.09999999999235 1079 3
 210.19999999999234 1225 3
 210.29999999999234 1735 3
 210.49999999999233 156 0
 210.7999999999923 2183 0
 210.8999999999923 447 3
 211.0999999999923 3005 0
 211.1999999999923 191 0
 211.1999999999923 1671 0
 211.59999999999226 759 3
 211.69999999999226 1556 0
 211.99999999999224 2273 3
 212.09999999999224 1972 3
 212.09999999999224 2783 2
 212.39999999999222 1174 0
 212.4999999999922 355 0
 212.4999999999922 2355 0
 212.5999999999922 313 3
 212.6999999999922 751 3
 212.6999999999922 1342 0
 213.39999999999216 716 0
 213.49999999999216 2729 3
 213.59999999999215 211 3
 214.2999999999921 1078 3
 214.89999999999208 1019 0
 215.19999999999206 441 3
 215.49999999999204 874 0
 216.199999999992 1033 0
 216.299999999992 1516 3
 216.49999999999199 2746 1
 216.59999999999198 1995 1
 217.09999999999195 945 0
 217.09999999999195 2494 3
 217.59999999999192 1084 3
 217.69999999999192 309 3
 217.7999999999919 62 0
 218.1999999999919 818 0
 218.39999999999188 1953 0
 218.79999999999185 2879 0
 218.89999999999185 971 3
 218.99999999999184 548 0
 219.09999999999184 969 3
 219.29999999999183 1205 0
 219.29999999999183 2091 0
 219.6999999999918 1151 0
 219.8999999999918 276 0
 219.8999999999918 1984 3
 219.9999999999918 1071 3
 219.9999999999918 2432 0
 220.09999999999178 1719 3
 220.09999999999178 1983 3
 220.09999999999178 2719 0
 220.29999999999177 1216 3
 220.29999999999177 2498 3
 220.39999999999176 1244 1
 220.49999999999176 952 0
 220.59999999999175 754 3
 220.59999999999175 2599 3
 220.69999999999175 2558 0
 220.89999999999173 292 0
 220.89999999999173 444 3
 221.09999999999172 208 3
 221.09999999999172 1963 3
 221.19999999999172 135 0
 221.5999999999917 1111 2
 221.5999999999917 3011 0
 221.6999999999917 450 3
 221.6999999999917 1427 0
 221.99999999999167 1511 3
 222.09999999999167 2612 3
 222.19999999999166 446 3
 222.49999999999164 455 3
 222.59999999999164 1618 0
 222.59999999999164 1722 3
 222.59999999999164 2741 3
 222.69999999999163 1047 0
 223.59999999999158 1601 0
 223.99999999999156 2287 3
 223.99999999999156 2871 0
 224.09999999999155 1437 0
 224.19999999999155 2269 3
 224.29999999999154 414 0
 224.29999999999154 2067 0
 224.39999999999154 2681 0
 224.49999999999153 750 3
 224.49999999999153 2242 0
 224.49999999999153 3021 0
 224.69999999999152 1016 0
 224.8999999999915 827 0
 224.8999999999915 1077 3
 224.8999999999915 1651 0
 225.49999999999147 1776 0
 225.59999999999147 569 0
 225.89999999999145 2804 0
 225.99999999999145 2851 0
 226.09999999999144 2230 0
 226.5999999999914 286 0
 226.5999999999914 1189 0
 226.6999999999914 436 3
 226.7999999999914 2736 3
 226.7999999999914 2740 3
 227.29999999999137 319 3
 227.29999999999137 1840 3
 227.39999999999137 1726 3
 227.59999999999135 454 3
 227.69999999999135 1407 0
 228.3999999999913 1343 0
 229.39999999999125 1218 3
 229.39999999999125 2074 0
 229.39999999999125 2814 0
 229.49999999999125 1705 0
 229.49999999999125 3050 3
 229.59999999999124 312 3
 229.79999999999123 2496 3
 229.89999999999122 1784 0
 230.69999999999118 1973 3
 230.89999999999117 84 0
 231.19999999999115 795 0
 231.39999999999114 2248 0
 231.39999999999114 2276 3
 231.49999999999113 857 0
 231.49999999999113 1257 2
 231.59999999999113 2047 0
 231.69999999999112 944 0
 231.8999999999911 442 3
 231.8999999999911 1152 0
 232.2999999999911 1761 0
 232.39999999999108 2965 0
 232.59999999999107 572 0
 232.59999999999107 3042 3
 232.69999999999106 884 0
 233.29999999999103 2495 3
 233.39999999999102 407 0
 234.29999999999097 640 0
 234.39999999999097 1981 3
 234.79999999999094 322 2
 234.99999999999093 1466 0
 235.09999999999093 1969 3
 235.3999999999909 315 3
 235.3999999999909 2813 0
 235.4999999999909 1982 3
 236.09999999999087 310 3
 236.49999999999085 1992 1
 236.69999999999084 321 3
 237.0999999999908 1916 0
 237.2999999999908 1599 0
 237.89999999999077 2179 0
 237.99999999999076 2738 3
 238.29999999999075 2604 3
 238.29999999999075 3038 3
 238.39999999999074 1076 3
 238.49999999999073 1512 3
 238.79999999999072 2469 0
 239.1999999999907 1403 0
 239.2999999999907 1154 0
 239.39999999999068 616 0
 239.39999999999068 1844 3
 239.49999999999068 1717 3
 239.59999999999067 2041 2
 239.59999999999067 2089 0
 239.99999999999065 367 0
 239.99999999999065 440 3
 239.99999999999065 567 0
 239.99999999999065 631 0
 240.09999999999064 1110 2
 240.09999999999064 2100 0
 240.39999999999063 1074 3
 240.49999999999062 1898 0
 240.59999999999062 1513 3
 240.7999999999906 518 0
 240.7999999999906 2373 0
 240.8999999999906 2911 0
 241.99999999999054 732 0
 242.09999999999053 624 0
 242.19999999999052 1524 3
 242.3999999999905 1447 0
 242.3999999999905 2274 3
 242.5999999999905 582 0
 242.5999999999905 1734 3
 242.7999999999905 762 3
 242.99999999999048 837 0
 243.09999999999047 2755 1
 243.19999999999047 1082 3
 243.19999999999047 1736 3
 243.19999999999047 2450 0
 243.49999999999045 159 0
 243.49999999999045 2492 3
 243.59999999999044 2236 0
 243.59999999999044 2285 3
 243.79999999999043 963 3
 243.89999999999043 1659 0
 243.99999999999042 2490 3
 244.09999999999042 1620 0
 244.69999999999038 313 3
 244.79999999999038 424 0
 244.79999999999038 1075 3
 244.99999999999037 385 0
 245.29999999999035 967 3
 245.49999999999034 448 3
 245.49999999999034 1021 0
 245.59999999999033 2391 0
 246.0999999999903 443 3
 246.0999999999903 2728 3
 246.2999999999903 1733 3
 246.49999999999028 1985 3
 246.69999999999027 2610 3
 246.79999999999026 1737 3
 246.79999999999026 1848 3
 246.79999999999026 2176 0
 246.99999999999025 2273 3
 247.39999999999023 2116 0
 247.59999999999022 453 3
 247.8999999999902 92 0
 247.8999999999902 1224 3
 249.39999999999011 308 3
 249.5999999999901 552 0
 249.6999999999901 2390 0
 249.6999999999901 3039 3
 249.7999999999901 1485 0
 249.8999999999901 2092 0
 250.19999999999007 2272 3
 250.19999999999007 2684 0
 250.39999999999006 1692 0
 250.49999999999005 2351 0
 250.69999999999004 526 0
 251.39999999999 1514 3
 251.69999999998998 2288 3
 251.79999999998998 1487 0
 252.49999999998994 439 3
 253.0999999999899 1517 3
 253.2999999999899 1971 3
 253.3999999999899 352 0
 253.59999999998988 3002 0
 253.79999999998986 1730 3
 253.89999999998986 204 3
 254.39999999998983 3043 3
 254.59999999998982 2263 0
 254.6999999999898 1963 3
 255.19999999998979 369 0
 255.39999999998977 748 3
 255.49999999998977 1592 0
 255.49999999998977 1603 0
 255.49999999998977 2519 0
 255.69999999998976 209 3
 255.79999999998975 2651 0
 255.99999999998974 2839 0
 255.99999999998974 3041 3
 256.09999999998973 3049 3
 256.19999999998976 2487 3
 256.3999999999898 968 3
 256.7999999999899 1081 3
 256.7999999999899 1117 2
 256.99999999998994 2610 3
 256.99999999998994 2739 3
 257.29999999999 3027 0
 257.39999999999003 473 1
 257.49999999999005 451 3
 257.49999999999005 457 1
 257.49999999999005 1520 3
 257.5999999999901 1721 3
 257.6999999999901 1843 3
 257.89999999999014 2280 3
 258.29999999999023 2270 3
 258.39999999999026 319 3
 258.39999999999026 959 3
 258.4999999999903 1483 0
 258.4999999999903 2757 1
 259.3999999999905 629 0
 259.3999999999905 2737 3
 259.4999999999905 2557 0
 260.3999999999907 2273 3
 260.6999999999908 2233 0
 260.7999999999908 1364 0
 260.8999999999908 1042 0
 261.09999999999087 2715 0
 261.2999999999909 2603 3
 261.2999999999909 2765 1
 261.49999999999096 2279 3
 262.1999999999911 742 3
 262.39999999999117 965 3
 262.5999999999912 1416 0
 262.69999999999123 21 2
 262.69999999999123 1044 0
 262.79999999999126 2547 0
 262.9999999999913 2889 0
 263.29999999999137 2061 0
 263.3999999999914 557 0
 263.69999999999146 1936 0
 263.8999999999915 1366 0
 263.8999999999915 3044 3
 263.99999999999153 1171 0
 263.99999999999153 2048 0
 264.2999999999916 632 0
 264.3999999999916 1448 0
 264.49999999999164 330 2
 264.99999999999176 2572 0
 265.1999999999918 210 3
 265.6999999999919 3055 3
 265.89999999999196 452 3
 266.3999999999921 2724 0
 266.4999999999921 205 3
 266.69999999999214 1328 0
 266.9999999999922 1291 0
 266.9999999999922 1312 0
 266.9999999999922 1347 0
 266.9999999999922 3051 3
 267.09999999999224 201 3
 267.3999999999923 1825 0
 267.59999999999235 1082 3
 267.8999999999924 1840 3
 267.8999999999924 1943 0
 267.99999999999244 388 0
 268.5999999999926 251 0
 268.7999999999926 1371 0
 269.29999999999274 1521 3
 269.29999999999274 2679 0
 269.39999999999276 880 0
 269.79999999999285 43 0
 270.19999999999294 2731 3
 270.29999999999296 368 0
 270.499999999993 1079 3
 270.59999999999303 2473 0
 270.59999999999303 2571 0
 271.19999999999317 1443 0
 271.59999999999326 1976 3
 271.7999999999933 1441 0
 271.7999999999933 1670 0
 271.7999999999933 2866 0
 272.2999999999934 626 0
 272.49999999999346 2463 0
 272.5999999999935 318 3
 272.9999999999936 2051 0
 273.29999999999364 759 3
 273.5999999999937 1739 3
 273.79999999999376 755 3
 273.9999999999938 1435 0
 274.59999999999394 1245 1
 274.69999999999396 636 0
 274.899999999994 2210 0
 275.1999999999941 1731 3
 275.2999999999941 1679 0
 275.2999999999941 1819 0
 275.3999999999941 975 3
 275.59999999999417 442 3
 275.7999999999942 2734 3
 276.0999999999943 2189 0
 276.1999999999943 966 3
 276.39999999999435 1838 3
 276.5999999999944 387 0
 276.5999999999944 974 3
 276.79999999999444 2269 3
 277.4999999999946 1844 3
 277.5999999999946 1218 3
 277.69999999999465 1084 3
 277.69999999999465 1348 0
 277.9999999999947 1986 1
 278.59999999999485 1714 3
 278.8999999999949 2929 0
 279.49999999999505 208 3
 279.49999999999505 1477 0
 279.6999999999951 1722 3
 279.89999999999515 2668 0
 280.0999999999952 1982 3
 280.5999999999953 418 0
 280.8999999999954 2846 0
 280.8999999999954 3040 3
 280.9999999999954 1728 3
 281.29999999999546 1984 3
 281.4999999999955 2284 3
 281.59999999999553 847 0
 281.69999999999555 1438 0
 281.7999999999956 1688 0
 281.9999999999956 1233 1
 282.09999999999565 1480 0
 282.3999999999957 441 3
 282.3999999999957 1073 3
 282.3999999999957 2001 1
 282.8999999999958 2743 3
 283.1999999999959 1198 0
 283.39999999999594 2735 3
 283.699999999996 2436 0
 283.79999999999603 799 0
 283.9999999999961 969 3
 284.1999999999961 64 0
 284.1999999999961 2500 3
 284.5999999999962 1196 0
 284.79999999999626 376 0
 284.8999999999963 846 0
 285.2999999999964 397 0
 285.2999999999964 743 3
 285.4999999999964 1725 3
 285.59999999999644 1186 0
 285.69999999999646 745 3
 285.7999999999965 2205 0
 286.09999999999656 1149 0
 286.49999999999665 1412 0
 286.6999999999967 1481 0
 286.89999999999674 2045 0
 286.99999999999676 239 0
 286.99999999999676 608 0
 286.99999999999676 1250 1
 287.4999999999969 310 3
 287.5999999999969 1974 3
 287.999999999997 57 0
 287.999999999997 921 0
 288.099999999997 2853 0
 288.29999999999706 2620 2
 288.4999999999971 282 0
 288.5999999999971 1690 0
 288.5999999999971 2971 0
 288.69999999999715 575 0
 288.79999999999717 1216 3
 288.9999999999972 1071 3
 289.4999999999973 206 3
 289.8999999999974 2290 3
 290.09999999999746 2303 2
 290.2999999999975 1164 0
 290.39999999999753 1523 3
 290.39999999999753 1723 3
 291.0999999999977 2816 0
 291.1999999999977 2677 0
 291.29999999999774 2976 0
 291.39999999999776 742 3
 291.39999999999776 2078 0
 291.9999999999979 403 0
 291.9999999999979 1729 3
 292.7999999999981 674 0
 292.7999999999981 2262 0
 292.9999999999981 1420 0
 293.09999999999815 1231 1
 293.2999999999982 354 0
 293.49999999999824 1226 3
 293.49999999999824 2136 0
 293.59999999999826 1719 3
 293.59999999999826 2402 0
 293.7999999999983 312 3
 293.7999999999983 2378 0
 293.89999999999833 2502 3
 293.89999999999833 2587 0
 293.99999999999835 972 3
 294.0999999999984 753 3
 294.0999999999984 1319 0
 294.2999999999984 446 3
 294.39999999999844 210 3
 294.39999999999844 238 0
 294.49999999999847 598 0
 294.49999999999847 2427 0
 294.6999999999985 2347 0
 294.79999999999853 521 0
 294.79999999999853 746 3
 295.29999999999865 1130 0
 295.29999999999865 1512 3
 295.39999999999867 1217 3
 295.5999999999987 1310 0
 295.5999999999987 2285 3
 295.5999999999987 2736 3
 295.79999999999876 682 0
 296.2999999999989 202 3
 296.2999999999989 2152 0
 296.4999999999989 139 0
 296.59999999999894 2345 0
 297.09999999999906 750 3
 297.09999999999906 2376 0
 297.7999999999992 447 3
 297.89999999999924 320 3
 297.89999999999924 1955 0
 297.99999999999926 1726 3
 298.1999999999993 81 0
 298.1999999999993 1073 3
 298.29999999999933 1524 3
 298.4999999999994 2917 0
 298.89999999999947 1713 3
 298.9999999999995 1893 0
 299.3999999999996 611 0
 299.3999999999996 2261 0
 299.4999999999996 579 0
 299.4999999999996 1629 0
 300.3999999999998 3020 0
 300.6999999999999 657 0
 301.09999999999997 1331 0
 301.09999999999997 1479 0
 301.2 2147 0
 301.2 2592 0
 301.3 581 0
 301.90000000000015 2748 1
 302.00000000000017 2520 0
 302.1000000000002 3004 0
 302.2000000000002 1745 2
 302.5000000000003 13 2
 302.5000000000003 444 3
 302.6000000000003 2741 3
 302.70000000000033 2487 3
 302.80000000000035 948 0
 302.80000000000035 2140 0
 302.9000000000004 1506 0
 302.9000000000004 2926 0
 303.1000000000004 168 0
 303.1000000000004 2421 0
 303.5000000000005 2730 3
 303.8000000000006 86 0
 303.8000000000006 596 0
 303.9000000000006 1967 3
 304.0000000000006 1957 0
 304.10000000000065 1224 3
 304.4000000000007 2280 3
 304.8000000000008 2761 1
 304.90000000000083 2903 0
 305.00000000000085 1234 1
 305.2000000000009 194 0
 305.2000000000009 867 0
 305.3000000000009 2180 0
 305.40000000000094 1333 0
 305.600000000001 914 0
 306.0000000000011 865 0
 306.1000000000011 1906 0
 306.40000000000117 752 3
 306.5000000000012 1973 3
 306.70000000000124 1074 3
 306.70000000000124 1635 0
 306.80000000000126 1932 0
 306.9000000000013 1077 3
 306.9000000000013 1394 0
 307.0000000000013 1081 3
 307.20000000000135 1845 3
 307.3000000000014 1262 2
 307.4000000000014 959 3
 307.5000000000014 375 0
 307.60000000000144 964 3
 307.60000000000144 1434 0
 307.70000000000147 3050 3
 308.00000000000153 1509 3
 308.3000000000016 2881 0
 308.7000000000017 448 3
 308.8000000000017 449 3
 308.8000000000017 2615 2
 308.8000000000017 2735 3
 309.00000000000176 1971 3
 309.1000000000018 2607 3
 309.2000000000018 1440 0
 309.2000000000018 2732 3
 309.2000000000018 2840 0
 309.30000000000183 483 1
 309.30000000000183 962 3
 309.40000000000185 762 3
 309.6000000000019 1733 3
 309.7000000000019 816 0
 310.000000000002 1970 3
 310.000000000002 2488 3
 310.100000000002 1078 3
 310.80000000000217 957 3
 310.80000000000217 2692 0
 310.9000000000022 195 0
 310.9000000000022 966 3
 311.0000000000022 353 0
 311.0000000000022 702 0
 311.0000000000022 1972 3
 312.10000000000247 3041 3
 312.3000000000025 719 0
 312.3000000000025 1128 0
 312.40000000000254 851 0
 312.7000000000026 1222 3
 312.8000000000026 1223 3
 313.5000000000028 30 0
 313.6000000000028 1969 3
 313.80000000000285 1717 3
 313.9000000000029 1728 3
 313.9000000000029 2501 3
 314.1000000000029 2973 0
 314.20000000000294 121 0
 314.20000000000294 1518 3
 314.30000000000297 1849 3
 314.400000000003 266 0
 314.400000000003 1648 0
 314.70000000000306 925 0
 314.70000000000306 1521 3
 314.70000000000306 2271 3
 314.8000000000031 2737 3
 315.3000000000032 2661 0
 315.7000000000033 451 3
 316.40000000000344 2174 0
 316.50000000000347 438 3
 316.6000000000035 2849 0
 316.90000000000356 1036 0
 317.0000000000036 1455 0
 317.1000000000036 1913 0
 317.1000000000036 2237 0
 317.30000000000365 1641 0
 317.5000000000037 2291 3
 317.6000000000037 2064 0
 317.70000000000374 437 3
 318.0000000000038 2277 3
 318.5000000000039 755 3
 318.60000000000394 3046 3
 318.800000000004 201 3
 318.800000000004 1657 0
 319.00000000000404 2329 0
 319.10000000000406 1911 0
 319.2000000000041 2604 3
 319.3000000000041 3044 3
 319.7000000000042 711 0
 319.90000000000424 2276 3
 320.00000000000426 317 3
 320.1000000000043 2272 3
 320.2000000000043 963 3
 320.80000000000445 1497 0
 321.1000000000045 1965 3
 321.20000000000454 313 3
 321.20000000000454 316 3
 321.4000000000046 115 0
 321.4000000000046 1846 3
 321.4000000000046 2944 0
 321.6000000000046 1715 3
 321.70000000000465 1905 0
 321.70000000000465 2164 0
 321.8000000000047 1067 0
 321.9000000000047 1461 0
 322.0000000000047 760 3
 322.3000000000048 1997 1
 322.4000000000048 71 0
 322.50000000000483 2676 0
 322.60000000000485 2281 3
 322.7000000000049 141 0
 322.9000000000049 1967 3
 323.40000000000504 1710 0
 323.6000000000051 311 3
 323.8000000000051 1894 0
 324.0000000000052 104 0
 324.0000000000052 3038 3
 324.1000000000052 2612 3
 324.30000000000524 1847 3
 324.5000000000053 1981 3
 324.6000000000053 1963 3
 324.70000000000533 2321 0
 325.0000000000054 1218 3
 325.0000000000054 1367 0
 325.1000000000054 748 3
 325.1000000000054 1593 0
 325.1000000000054 1968 3
 325.70000000000556 1076 3
 325.8000000000056 435 3
 325.8000000000056 726 0
 325.8000000000056 1351 0
 326.0000000000056 2674 0
 326.10000000000565 1482 0
 326.4000000000057 2213 0
 327.40000000000595 147 0
 327.40000000000595 315 3
 327.40000000000595 1510 3
 327.40000000000595 1516 3
 327.50000000000597 2492 3
 327.600000000006 394 0
 327.700000000006 321 3
 327.90000000000606 1732 3
 328.0000000000061 970 3
 328.1000000000061 2952 0
 328.2000000000061 2916 0
 328.30000000000615 1221 3
 328.30000000000615 2845 0
 328.4000000000062 756 3
 328.4000000000062 2186 0
 328.6000000000062 2269 3
 328.70000000000624 2438 0
 328.70000000000624 2613 3
 329.0000000000063 2279 3
 329.20000000000636 95 0
 330.10000000000656 558 0
 330.10000000000656 2277 3
 330.2000000000066 1727 3
 330.2000000000066 3043 3
 330.8000000000067 2736 3
 331.1000000000068 452 3
 331.1000000000068 2113 0
 331.30000000000683 1511 3
 331.30000000000683 2675 0
 332.100000000007 1072 3
 332.20000000000704 319 3
 332.20000000000704 3053 3
 332.4000000000071 1842 3
 332.6000000000071 2581 0
 332.70000000000715 1937 0
 332.70000000000715 2731 3
 332.8000000000072 2185 0
 332.9000000000072 965 3
 333.4000000000073 715 0
 333.4000000000073 2599 3
 333.9000000000074 759 3
 333.9000000000074 2270 3
 334.2000000000075 297 0
 334.2000000000075 2713 0
 334.3000000000075 1645 0
 334.6000000000076 445 3
 336.1000000000079 1976 3
 336.400000000008 742 3
 337.00000000000813 135 0
 337.00000000000813 1965 3
 337.00000000000813 2528 0
 337.2000000000082 749 3
 337.8000000000083 1190 0
 337.90000000000833 1080 3
 338.2000000000084 2857 0
 338.50000000000847 580 0
 338.90000000000856 1549 2
 339.0000000000086 2975 0
 339.6000000000087 1694 0
 339.6000000000087 2541 0
 339.70000000000874 936 0
 339.70000000000874 960 3
 339.80000000000877 2739 3
 339.9000000000088 309 3
 340.10000000000883 1344 0
 340.20000000000886 1981 3
 340.3000000000089 436 3
 340.5000000000089 3039 3
 340.60000000000895 1838 3
 340.70000000000897 1129 0
 340.800000000009 1525 3
 341.2000000000091 240 0
 341.2000000000091 667 0
 341.40000000000913 757 3
 341.7000000000092 2606 3
 342.00000000000927 447 3
 342.40000000000936 1673 0
 343.0000000000095 919 0
 343.30000000000956 572 0
 343.60000000000963 747 3
 343.8000000000097 1464 0
 343.8000000000097 2088 0
 343.8000000000097 2289 3
 343.9000000000097 2605 3
 344.0000000000097 438 3
 344.0000000000097 2969 0
 344.50000000000983 1299 0
 344.50000000000983 1949 0
 344.60000000000986 2988 0
 344.8000000000099 605 0
 345.6000000000101 440 3
 345.6000000000101 1514 3
 345.7000000000101 761 3
 345.80000000001013 1561 0
 345.90000000001015 2486 3
 346.1000000000102 316 3
 346.1000000000102 2967 0
 346.2000000000102 612 0
 346.30000000001024 151 0
 346.30000000001024 1953 0
 346.80000000001036 1712 3
 346.9000000000104 2160 0
 346.9000000000104 2900 0
 347.0000000000104 474 1
 347.5000000000105 204 3
 347.5000000000105 456 3
 348.00000000001063 2090 0
 348.2000000000107 1964 3
 348.3000000000107 484 1
 348.3000000000107 2326 0
 348.4000000000107 296 0
 348.50000000001074 444 3
 348.60000000001077 208 3
 348.7000000000108 203 3
 348.7000000000108 1739 3
 349.50000000001097 241 0
 349.600000000011 754 3
 349.600000000011 930 0
 349.600000000011 1061 0
 349.700000000011 762 3
 349.80000000001104 656 0
 349.90000000001106 2873 0
 350.0000000000111 609 0
 350.6000000000112 268 0
 350.70000000001124 1011 0
 350.80000000001127 1232 1
 351.0000000000113 861 0
 351.0000000000113 2128 0
 351.10000000001133 2247 0
 351.20000000001136 874 0
 351.3000000000114 2287 3
 351.4000000000114 678 0
 351.70000000001147 1075 3
 351.70000000001147 2490 3
 351.8000000000115 206 3
 351.9000000000115 2049 0
 352.00000000001154 743 3
 352.10000000001156 1132 0
 352.40000000001163 751 3
 352.50000000001165 1843 3
 352.7000000000117 1714 3
 352.7000000000117 1965 3
 352.7000000000117 2493 3
 353.30000000001183 1079 3
 354.000000000012 1624 0
 354.30000000001206 491 2
 354.30000000001206 2225 0
 354.4000000000121 2331 0
 354.8000000000122 1527 3
 354.9000000000122 207 3
 355.3000000000123 211 3
 355.3000000000123 887 0
 355.50000000001234 2860 0
 355.60000000001236 1632 0
 355.60000000001236 2118 0
 355.60000000001236 2498 3
 356.00000000001245 134 0
 356.00000000001245 2082 0
 356.2000000000125 2933 0
 356.50000000001256 143 0
 356.6000000000126 2392 0
 356.80000000001263 1216 3
 356.90000000001265 826 0
 356.90000000001265 2735 3
 357.0000000000127 2216 0
 357.1000000000127 2847 0
 357.2000000000127 52 0
 357.30000000001274 2594 0
 357.40000000001277 1041 0
 357.5000000000128 230 0
 357.5000000000128 1914 0
 358.300000000013 1522 3
 359.00000000001313 797 0
 359.10000000001315 2657 0
 359.4000000000132 920 0
 359.4000000000132 2374 0
 359.4000000000132 2550 0
 359.4000000000132 3047 3
 359.50000000001324 357 0
 359.60000000001327 1201 0
 359.60000000001327 1946 0
 359.60000000001327 1984 3
 359.90000000001334 1084 3
 360.3000000000134 1725 3
 360.40000000001345 2734 3
 360.5000000000135 1979 3
 360.6000000000135 312 3
 360.7000000000135 439 3
 361.1000000000136 1073 3
 361.30000000001365 1896 0
 361.4000000000137 1719 3
 361.70000000001374 1224 3
 362.3000000000139 2182 0
 362.800000000014 1136 0
 363.2000000000141 209 3
 363.2000000000141 2273 3
 363.3000000000141 1017 0
 363.6000000000142 309 3
 364.00000000001427 1662 0
 364.1000000000143 1722 3
 364.30000000001434 1085 3
 364.40000000001436 1374 0
 364.7000000000144 3044 3
 364.80000000001445 2123 0
 364.9000000000145 2772 1
 365.1000000000145 3042 3
 365.20000000001454 1521 3
 365.30000000001456 2496 3
 365.4000000000146 210 3
 365.70000000001465 1322 0
 365.9000000000147 818 0
 366.20000000001477 111 0
 366.20000000001477 1940 0
 366.4000000000148 202 3
 366.50000000001484 448 3
 366.9000000000149 1971 3
 366.9000000000149 2977 0
 367.00000000001495 2284 3
 367.100000000015 1970 3
 367.200000000015 2737 3
 367.40000000001504 802 0
 368.0000000000152 917 0
 368.2000000000152 1972 3
 368.2000000000152 2895 0
 368.30000000001525 247 0
 368.40000000001527 100 0
 369.0000000000154 759 3
 369.0000000000154 1804 0
 369.1000000000154 796 0
 369.1000000000154 1500 0
 369.20000000001545 1730 3
 369.4000000000155 308 3
 369.5000000000155 400 0
 369.8000000000156 1361 0
 369.9000000000156 1681 0
 370.2000000000157 453 3
 370.3000000000157 2978 0
 370.60000000001577 2728 3
 370.8000000000158 1714 3
 370.90000000001584 313 3
 370.90000000001584 1172 0
 371.1000000000159 1566 0
 371.40000000001595 1236 1
 371.600000000016 186 0
 371.90000000001606 1360 0
 371.90000000001606 1967 3
 372.20000000001613 443 3
 372.30000000001615 1513 3
 372.5000000000162 2738 3
 372.6000000000162 744 3
 372.70000000001625 1077 3
 372.80000000001627 208 3
 373.10000000001634 2487 3
 373.3000000000164 1731 3
 373.5000000000164 2253 0
 373.7000000000165 2885 0
 373.8000000000165 319 3
 373.8000000000165 2089 0
 374.00000000001654 958 3
 374.2000000000166 1840 3
 374.3000000000166 2743 3
 374.50000000001666 480 1
 374.50000000001666 969 3
 374.8000000000167 2371 0
 375.00000000001677 760 3
 375.2000000000168 450 3
 375.40000000001686 973 3
 375.5000000000169 607 0
 375.6000000000169 1226 3
 375.80000000001695 852 0
 375.900000000017 2290 3
 376.000000000017 913 0
 376.000000000017 1723 3
 376.4000000000171 2883 0
 376.70000000001716 1205 0
 376.8000000000172 307 3
 376.8000000000172 1982 3
 377.0000000000172 1978 3
 377.20000000001727 963 3
 377.3000000000173 868 0
 377.4000000000173 2515 2
 377.50000000001734 1661 0
 377.50000000001734 2119 0
 378.00000000001745 446 3
 378.40000000001754 918 0
 378.7000000000176 2703 0
 378.90000000001766 645 0
 379.30000000001775 1717 3
 379.30000000001775 2097 0
 379.40000000001777 1059 0
 379.5000000000178 1963 3
 379.80000000001786 1341 0
 380.300000000018 967 3
 380.400000000018 961 3
 381.00000000001813 1841 3
 381.00000000001813 2815 0
 381.10000000001816 318 3
 381.10000000001816 479 1
 381.10000000001816 2340 0
 381.2000000000182 441 3
 381.50000000001825 990 2
 381.60000000001827 2285 3
 381.7000000000183 2736 3
 381.8000000000183 2551 0
 382.00000000001836 974 3
 382.00000000001836 1555 0
 382.1000000000184 310 3
 382.1000000000184 670 0
 382.1000000000184 1973 3
 382.2000000000184 452 3
 382.2000000000184 2258 0
 382.30000000001843 954 0
 382.40000000001845 1340 0
 382.40000000001845 1512 3
 382.90000000001857 2207 0
 383.1000000000186 1809 0
 383.5000000000187 1969 3
 383.6000000000187 1781 0
 383.70000000001875 440 3
 384.0000000000188 2385 0
 384.20000000001886 977 2
 384.4000000000189 301 0
 384.800000000019 444 3
 384.800000000019 1975 3
 384.800000000019 2327 0
 385.2000000000191 204 3
 385.40000000001913 317 3
 385.40000000001913 1983 3
 385.6000000000192 2109 0
 385.8000000000192 1499 0
 386.5000000000194 1520 3
 386.5000000000194 2913 0
 387.20000000001954 2368 0
 387.4000000000196 1034 0
 387.9000000000197 2558 0
 388.0000000000197 1460 0
 388.0000000000197 1968 3
 388.10000000001975 385 0
 388.10000000001975 3054 3
 388.4000000000198 442 3
 388.4000000000198 3003 0
 388.50000000001984 2470 0
 388.7000000000199 801 0
 389.00000000001995 623 0
 389.00000000001995 1097 2
 389.10000000002 1283 0
 389.50000000002007 1726 3
 389.6000000000201 2828 0
 389.7000000000201 2130 0
 390.1000000000202 758 3
 390.40000000002027 1257 2
 390.5000000000203 1841 3
 390.6000000000203 326 2
 390.6000000000203 1510 3
 390.6000000000203 1924 0
 390.80000000002036 1910 0
 390.9000000000204 1357 0
 390.9000000000204 2818 0
 391.10000000002043 1400 0
 391.4000000000205 421 0
 391.70000000002057 733 0
 391.70000000002057 1733 3
 391.70000000002057 3043 3
 392.00000000002063 1523 3
 392.2000000000207 752 3
 392.2000000000207 1728 3
 392.2000000000207 2717 0
 392.3000000000207 2103 0
 392.7000000000208 2602 3
 392.8000000000208 1384 0
 393.1000000000209 35 0
 393.30000000002093 2272 3
 393.600000000021 1844 3
 393.80000000002104 1737 3
 393.90000000002107 2280 3
 394.1000000000211 1976 3
 394.30000000002116 964 3
 394.30000000002116 1734 3
 394.6000000000212 2382 0
 394.70000000002125 448 3
 394.80000000002127 3023 0
 395.10000000002134 1292 0
 395.20000000002136 745 3
 395.20000000002136 1005 0
 395.20000000002136 2396 0
 395.3000000000214 606 0
 395.3000000000214 1998 1
 395.3000000000214 2608 3
 395.7000000000215 1961 0
 395.8000000000215 1843 3
 396.00000000002154 2823 0
 396.2000000000216 3038 3
 396.3000000000216 2740 3
 396.50000000002166 1978 3
 396.7000000000217 2334 0
 396.7000000000217 3041 3
 396.90000000002175 1630 0
 396.90000000002175 3013 0
 397.1000000000218 2494 3
 397.40000000002186 753 3
 397.40000000002186 1401 0
 398.100000000022 2066 0
 398.5000000000221 1217 3
 398.9000000000222 1697 0
 399.0000000000222 1840 3
 399.20000000002227 1688 0
 399.3000000000223 903 0
 399.4000000000223 196 0
 399.50000000002234 1078 3
 399.8000000000224 742 3
 400.00000000002245 1700 0
 400.50000000002257 160 0
 400.50000000002257 1222 3
 400.80000000002264 750 3
 400.90000000002266 436 3
 401.0000000000227 2683 0
 401.2000000000227 2350 0
 401.30000000002275 281 0
 401.30000000002275 2599 3
 401.5000000000228 2731 3
 401.6000000000228 1712 3
 402.10000000002293 2492 3
 402.400000000023 971 3
 402.500000000023 2277 3
 402.8000000000231 672 0
 403.00000000002314 2273 3
 403.10000000002316 2855 0
 403.6000000000233 588 0
 404.1000000000234 799 0
 404.90000000002357 3040 3
 405.0000000000236 1829 0
 405.1000000000236 3051 3
 405.1000000000236 3052 3
 405.9000000000238 1703 0
 406.20000000002386 402 0
 406.20000000002386 1052 0
 406.3000000000239 2252 0
 406.4000000000239 2393 0
 406.50000000002393 618 0
 406.60000000002395 1631 0
 406.700000000024 1839 3
 406.800000000024 422 0
 406.900000000024 2278 3
 407.3000000000241 751 3
 407.40000000002414 399 0
 407.40000000002414 447 3
 407.50000000002416 610 0
 407.6000000000242 2080 0
 407.7000000000242 1511 3
 408.0000000000243 1524 3
 408.2000000000243 2155 0
 408.30000000002434 1719 3
 408.30000000002434 3049 3
 408.80000000002445 114 0
 409.1000000000245 1739 3
 409.4000000000246 1982 3
 410.2000000000248 1373 0
 410.4000000000248 1013 0
 410.50000000002484 1079 3
 410.7000000000249 237 0
 410.8000000000249 305 0
 410.90000000002493 1512 3
 411.100000000025 1218 3
 411.300000000025 1722 3
 411.50000000002507 162 0
 412.1000000000252 1785 0
 412.2000000000252 1521 3
 412.30000000002525 1076 3
 412.4000000000253 1938 0
 412.70000000002534 459 1
 412.9000000000254 1838 3
 413.10000000002543 1686 0
 413.10000000002543 2107 0
 413.4000000000255 106 0
 413.60000000002555 1179 0
 413.8000000000256 2603 3
 413.9000000000256 259 0
 414.2000000000257 2052 0
 414.50000000002575 2269 3
 414.90000000002584 1324 0
 415.1000000000259 583 0
 415.2000000000259 1565 0
 415.30000000002593 205 3
 415.30000000002593 1963 3
 415.30000000002593 2275 3
 415.600000000026 382 0
 415.700000000026 451 3
 415.700000000026 1994 1
 416.4000000000262 1072 3
 416.4000000000262 2271 3
 416.70000000002625 1956 0
 416.70000000002625 2634 2
 416.70000000002625 2908 0
 416.8000000000263 2920 0
 417.10000000002634 1704 0
 417.50000000002643 578 0
 417.60000000002645 1678 0
 418.2000000000266 208 3
 418.2000000000266 2737 3
 418.40000000002664 201 3
 418.7000000000267 2892 0
 419.30000000002684 3032 0
 419.40000000002686 98 0
 419.5000000000269 532 0
 419.5000000000269 1012 0
 419.5000000000269 2468 0
 419.6000000000269 869 0
 419.70000000002693 2893 0
 419.900000000027 741 0
 419.900000000027 968 3
 420.100000000027 584 0
 420.100000000027 756 3
 420.20000000002705 210 3
 420.5000000000271 2418 0
 420.5000000000271 2483 0
 420.5000000000271 3028 0
 420.8000000000272 2284 3
 420.9000000000272 1930 0
 420.9000000000272 2450 0
 421.10000000002725 302 0
 421.10000000002725 2486 3
 421.2000000000273 2862 0
 421.3000000000273 1127 0
 421.4000000000273 1073 3
 421.8000000000274 1973 3
 422.00000000002746 1832 0
 422.50000000002757 209 3
 422.50000000002757 2325 0
 423.0000000000277 1835 0
 423.1000000000277 760 3
 423.2000000000277 204 3
 423.6000000000278 1223 3
 424.20000000002796 820 0
 424.60000000002805 831 0
 424.8000000000281 2459 0
 425.3000000000282 723 0
 425.3000000000282 1643 0
 425.3000000000282 2813 0
 425.50000000002825 1842 3
 425.50000000002825 1981 3
 425.50000000002825 2727 3
 426.1000000000284 1346 0
 426.2000000000284 1779 0
 426.40000000002846 1984 3
 426.6000000000285 539 0
 426.6000000000285 2384 0
 427.0000000000286 1702 0
 427.1000000000286 1237 1
 427.30000000002866 1497 0
 427.4000000000287 2743 3
 427.60000000002873 960 3
 427.8000000000288 675 0
 427.8000000000288 2288 3
 427.8000000000288 2834 0
 428.10000000002884 2955 0
 428.20000000002887 1082 3
 428.4000000000289 889 0
 428.4000000000289 1075 3
 428.800000000029 2488 3
 428.900000000029 1207 0
 429.10000000002907 452 3
 429.10000000002907 2007 1
 429.2000000000291 1582 0
 429.50000000002916 313 3
 429.50000000002916 2573 0
 429.80000000002923 1407 0
 430.1000000000293 972 3
 430.2000000000293 1728 3
 430.30000000002934 309 3
 430.30000000002934 742 3
 430.30000000002934 2229 0
 431.0000000000295 1152 0
 431.5000000000296 533 0
 431.5000000000296 1811 0
 431.8000000000297 2714 0
 431.9000000000297 2339 0
 432.3000000000298 1448 0
 432.4000000000298 1509 3
 432.7000000000299 1084 3
 432.7000000000299 1235 1
 433.50000000003007 446 3
 433.6000000000301 781 2
 434.0000000000302 1220 3
 434.0000000000302 2276 3
 434.30000000003025 290 0
 434.5000000000303 1083 3
 434.6000000000303 2478 0
 434.80000000003037 1972 3
 434.80000000003037 2606 3
 435.20000000003046 2812 0
 435.3000000000305 250 0
 435.5000000000305 825 0
 435.8000000000306 1044 0
 435.9000000000306 454 3
 436.40000000003073 439 3
 436.7000000000308 1006 0
 436.7000000000308 1807 0
 436.8000000000308 1730 3
 436.90000000003084 743 3
 436.90000000003084 2487 3
 437.2000000000309 1939 0
 437.30000000003093 3039 3
 437.40000000003096 759 3
 438.30000000003116 2437 0
 438.4000000000312 370 0
 438.4000000000312 2040 2
 438.5000000000312 1969 3
 438.60000000003123 319 3
 438.70000000003125 1729 3
 438.8000000000313 2623 2
 438.8000000000313 2700 0
 439.20000000003137 668 0
 439.20000000003137 1848 3
 439.3000000000314 2146 0
 439.50000000003143 1625 0
 439.9000000000315 171 0
 439.9000000000315 965 3
 439.9000000000315 2120 0
 440.00000000003155 1218 3
 440.40000000003164 2445 0
 440.6000000000317 1050 0
 440.90000000003175 2742 3
 441.2000000000318 1526 3
 441.5000000000319 763 3
 441.6000000000319 2504 2
 441.70000000003193 761 3
 441.80000000003196 1713 3
 441.80000000003196 2485 0
 442.000000000032 969 3
 442.000000000032 2740 3
 442.100000000032 1224 3
 442.4000000000321 1525 3
 442.4000000000321 2388 0
 443.00000000003223 310 3
 443.10000000003225 80 0
 443.10000000003225 626 0
 443.8000000000324 1184 0
 443.90000000003243 1578 0
 444.00000000003246 321 3
 444.2000000000325 453 3
 444.3000000000325 596 0
 444.40000000003255 1723 3
 444.7000000000326 1709 0
 444.80000000003264 2281 3
 444.90000000003266 2302 2
 445.4000000000328 2092 0
 445.5000000000328 2705 0
 445.6000000000328 443 3
 445.6000000000328 1522 3
 445.6000000000328 2279 3
 445.70000000003284 37 0
 446.10000000003294 2280 3
 446.60000000003305 1714 3
 446.70000000003307 1971 3
 447.2000000000332 1800 0
 447.50000000003325 1517 3
 447.90000000003334 750 3
 448.00000000003337 1838 3
 448.00000000003337 2767 1
 448.2000000000334 659 0
 448.2000000000334 690 0
 448.6000000000335 2741 3
 448.6000000000335 3038 3
 449.1000000000336 1200 0
 449.20000000003364 2351 0
 449.30000000003366 1733 3
 449.5000000000337 211 3
 449.60000000003373 208 3
 449.70000000003375 2731 3
 450.0000000000338 2305 2
 450.20000000003387 2701 0
 450.4000000000339 447 3
 450.700000000034 959 3
 450.700000000034 963 3
 450.800000000034 1077 3
 451.00000000003405 2495 3
 451.1000000000341 1176 0
 451.80000000003423 1843 3
 452.1000000000343 127 0
 452.6000000000344 1247 1
 452.9000000000345 1676 0
 453.0000000000345 315 3
 453.0000000000345 1815 0
 453.0000000000345 1844 3
 453.1000000000345 2768 1
 453.60000000003464 1226 3
 454.3000000000348 1725 3
 454.60000000003487 2604 3
 454.7000000000349 2233 0
 454.8000000000349 1970 3
 454.90000000003494 694 0
 455.6000000000351 2610 3
 455.90000000003516 440 3
 456.20000000003523 2492 3
 456.30000000003525 146 0
 456.5000000000353 1655 0
 456.5000000000353 1736 3
 456.6000000000353 2669 0
 456.70000000003535 1705 0
 456.9000000000354 242 0
 457.20000000003546 1431 0
 458.00000000003564 1597 0
 458.10000000003566 1562 0
 458.10000000003566 2205 0
 458.40000000003573 550 0
 458.8000000000358 1845 3
 458.8000000000358 1982 3
 459.00000000003587 1692 0
 459.40000000003596 1981 3
 459.9000000000361 2651 0
 460.0000000000361 1805 0
 460.1000000000361 1980 3
 460.1000000000361 2278 3
 460.20000000003614 1849 3
 460.70000000003625 1710 0
 460.9000000000363 2142 0
 461.0000000000363 2635 2
 461.10000000003635 1965 3
 461.3000000000364 811 0
 461.3000000000364 2356 0
 461.4000000000364 2263 0
 461.50000000003644 754 3
 461.9000000000365 762 3
 461.9000000000365 1316 0
 462.1000000000366 2285 3
 462.2000000000366 1821 0
 462.3000000000366 1074 3
 462.40000000003664 2183 0
 462.6000000000367 1613 0
 462.6000000000367 2466 0
 463.1000000000368 2289 3
 463.2000000000368 1193 0
 463.30000000003685 3050 3
 463.5000000000369 448 3
 463.70000000003694 1016 0
 463.80000000003696 522 0
 464.100000000037 2878 0
 464.3000000000371 1039 0
 465.00000000003723 1782 0
 465.2000000000373 2667 0
 465.4000000000373 1716 3
 465.60000000003737 368 0
 465.7000000000374 1976 3
 465.90000000003744 1286 0
 466.1000000000375 2053 0
 466.40000000003755 154 0
 466.40000000003755 161 0
 466.40000000003755 1862 2
 467.1000000000377 2169 0
 467.20000000003773 1672 0
 467.6000000000378 252 0
 468.10000000003794 1726 3
 468.20000000003796 2487 3
 468.300000000038 2497 3
 468.400000000038 143 0
 468.60000000003805 2500 3
 469.00000000003814 313 3
 469.2000000000382 2277 3
 469.50000000003826 1063 0
 469.7000000000383 444 3
 469.8000000000383 597 0
 469.8000000000383 2562 0
 469.90000000003835 592 0
 470.00000000003837 2365 0
 470.2000000000384 1970 3
 470.2000000000384 2426 0
 470.2000000000384 3044 3
 470.30000000003844 2137 0
 470.5000000000385 897 0
 470.6000000000385 202 3
 471.20000000003864 642 0
 472.0000000000388 1995 1
 472.10000000003885 746 3
 472.20000000003887 1079 3
 472.20000000003887 2607 3
 472.3000000000389 1501 0
 472.3000000000389 1719 3
 472.3000000000389 2725 0
 472.60000000003896 457 1
 473.00000000003905 1510 3
 473.50000000003917 312 3
 473.50000000003917 3049 3
 473.80000000003923 1378 0
 473.80000000003923 1520 3
 473.90000000003926 3042 3
 474.1000000000393 2755 1
 474.6000000000394 2256 0
 474.70000000003944 189 0
 475.0000000000395 1342 0
 475.20000000003955 2601 3
 475.4000000000396 2269 3
 475.60000000003964 1168 0
 475.70000000003967 474 1
 475.70000000003967 2283 3
 475.8000000000397 905 0
 475.8000000000397 1222 3
 476.2000000000398 662 0
 476.3000000000398 2494 3
 476.50000000003985 1323 0
 476.7000000000399 442 3
 476.7000000000399 1570 0
 476.8000000000399 153 0
 476.90000000003994 2041 2
 477.10000000004 2272 3
 477.30000000004003 2176 0
 477.40000000004005 561 0
 477.5000000000401 2679 0
 477.80000000004014 455 3
 477.90000000004017 1142 0
 478.20000000004023 1219 3
 478.4000000000403 753 3
 478.70000000004035 3048 3
 478.80000000004037 452 3
 478.9000000000404 1225 3
 479.20000000004046 537 0
 479.7000000000406 3041 3
 479.8000000000406 1846 3
 479.9000000000406 1977 3
 479.9000000000406 2951 0
 480.40000000004073 1927 0
 481.00000000004087 2522 0
 481.30000000004094 1724 3
 481.500000000041 207 3
 481.600000000041 1972 3
 481.70000000004103 470 1
 481.70000000004103 759 3
 481.80000000004105 1250 1
 481.9000000000411 686 0
 482.0000000000411 204 3
 482.0000000000411 1221 3
 482.0000000000411 1718 3
 482.1000000000411 2284 3
 482.1000000000411 2646 0
 482.30000000004117 646 0
 482.4000000000412 1081 3
 482.5000000000412 760 3
 482.5000000000412 2464 0
 482.70000000004126 613 0
 482.9000000000413 2586 0
 483.0000000000413 1022 0
 483.10000000004135 209 3
 483.20000000004137 380 0
 483.3000000000414 2728 3
 483.3000000000414 2734 3
 483.4000000000414 2502 3
 483.50000000004144 453 3
 483.7000000000415 962 3
 483.90000000004153 687 0
 484.1000000000416 1509 3
 484.2000000000416 1603 0
 484.40000000004164 58 0
 484.40000000004164 838 0
 484.50000000004167 600 0
 484.50000000004167 2584 0
 484.6000000000417 1964 3
 484.7000000000417 443 3
 484.90000000004176 705 0
 485.0000000000418 2771 1
 485.1000000000418 751 3
 485.30000000004185 49 0
 485.30000000004185 228 0
 485.6000000000419 2047 0
 485.6000000000419 3043 3
 485.80000000004196 317 3
 485.80000000004196 3009 0
 485.900000000042 70 0
 486.000000000042 1331 0
 486.000000000042 2475 0
 486.20000000004205 1971 3
 486.20000000004205 2735 3
 486.3000000000421 208 3
 486.3000000000421 2196 0
 486.60000000004214 2739 3
 486.60000000004214 2747 1
 486.70000000004217 178 0
 487.2000000000423 318 3
 487.2000000000423 1788 0
 488.1000000000425 2578 0
 488.40000000004255 439 3
 488.80000000004264 2748 1
 489.0000000000427 233 0
 489.0000000000427 692 0
 489.20000000004273 1111 2
 489.20000000004273 1767 0
 489.20000000004273 3053 3
 489.70000000004285 947 0
 490.0000000000429 2363 0
 490.20000000004296 710 0
 490.300000000043 971 3
 490.60000000004305 715 0
 490.60000000004305 923 0
 490.7000000000431 1170 0
 490.7000000000431 1723 3
 490.9000000000431 353 0
 491.00000000004314 1512 3
 491.6000000000433 1446 0
 491.7000000000433 1717 3
 492.5000000000435 2528 0
 492.5000000000435 2569 0
 492.70000000004353 206 3
 492.80000000004355 2527 0
 492.80000000004355 2572 0
 492.9000000000436 1362 0
 493.0000000000436 1282 0
 493.0000000000436 2280 3
 493.30000000004367 1721 3
 493.30000000004367 2518 0
 493.30000000004367 2650 0
 493.4000000000437 478 1
 493.4000000000437 742 3
 493.5000000000437 1177 0
 493.60000000004374 1882 2
 494.800000000044 891 0
 494.800000000044 3040 3
 494.90000000004403 2697 0
 495.00000000004405 1840 3
 495.1000000000441 408 0
 495.40000000004414 314 3
 495.40000000004414 1902 0
 495.50000000004417 752 3
 495.6000000000442 2711 0
 495.7000000000442 1339 0
 495.90000000004426 1523 3
 496.2000000000443 2438 0
 496.2000000000443 2811 0
 496.4000000000444 966 3
 496.4000000000444 2743 3
 496.6000000000444 444 3
 497.0000000000445 1368 0
 497.20000000004455 3043 3
 497.3000000000446 41 0
 497.8000000000447 2208 0
 497.9000000000447 1078 3
 497.9000000000447 1714 3
 498.00000000004474 110 0
 498.00000000004474 210 3
 498.00000000004474 1516 3
 498.00000000004474 3041 3
 498.3000000000448 2737 3
 498.50000000004485 196 0
 498.6000000000449 1722 3
 498.7000000000449 1629 0
 498.7000000000449 1847 3
 498.7000000000449 2184 0
 499.5000000000451 2736 3
 499.6000000000451 240 0
 500.6000000000453 2599 3
 501.0000000000454 2731 3
 501.20000000004546 2132 0
 501.7000000000456 1725 3
 501.8000000000456 2277 3
 502.10000000004567 3004 0
 502.3000000000457 2730 3
 502.40000000004574 1134 0
 503.0000000000459 1670 0
 503.0000000000459 1849 3
 503.0000000000459 1963 3
 503.1000000000459 1844 3
 503.2000000000459 437 3
 503.40000000004596 307 3
 503.500000000046 148 0
 503.500000000046 1