%config file
%THERE MUST BE AN EMPTY LINE AFTER COMMENTS
----------------------------------------------
100						
75.94		0.00		14.15		9.91
100						
69.09		0.00		18.18		12.73
0	RS		0			0		RS		1	0.78	0.78
0	RS		0			0		FS		1	0.23	0.23
0	RS		0			0		LTS		1	0.23	0.23
0	RS		0			1		RS		1	0.36	0.36
0	RS		0			1		FS		1	0.05	0.05
0	RS		0			1		LTS		1	0.05	0.05

0	RS		1			0		RS		1	0.47	0.47
0	RS		1			0		FS		1	1.5	1.5
											
0	FS		0			0		RS		1	-1.5	-1.5
0	FS		0			0		FS		1	-1.5	-1.5
0	FS		0			0		LTS		1	-1.5	-1.5												
0	LTS		0			0		RS		1	-0.83	-0.83
0	LTS		0			0		FS		1	-1.5	-1.5
0	LTS		0			0		LTS		1	-1.5	-1.5


1	RS		0			0		RS		1	0.58	0.58
1	RS		0			0		FS		1	0.13	0.13
1	RS		0			0		LTS		1	0.13	0.13
1	RS		0			1		RS		1	0.95	0.95
1	RS		0			1		FS		1	0.23	0.23
1	RS		0			1		LTS		1	0.23	0.23
1	RS		1			1		FS		1	1.5	1.5												
1	FS		0			1		RS		1	-1.5	-1.5
1	FS		0			1		FS		1	-1.5	-1.5
1	FS		0			1		LTS		1	-1.5	-1.5												
1	LTS		0			1		RS		1	-0.83	-0.83
1	LTS		0			1		FS		1	-1.5	-1.5
1	LTS		0			1		LTS		1	-1.5	-1.5												
		