total number of neurons 3056
for RS neurons:
51 1
55 1
54 1
59 7
58 1
57 1
63 4
62 6
61 4
60 2
68 20
69 12
70 24
71 24
64 10
65 11
66 11
67 13
76 46
77 37
78 41
79 44
72 28
73 29
74 34
75 31
85 46
84 39
87 26
86 28
81 23
80 31
83 23
82 31
93 20
92 19
95 14
94 14
89 28
88 32
91 16
90 32
102 3
103 3
100 3
101 2
98 8
99 4
96 12
97 6
106 3
107 1
104 2
105 1
112 1
137 2
136 2
139 3
141 5
140 3
143 4
142 2
131 1
130 1
135 3
134 6
152 6
153 15
154 10
155 11
156 4
157 9
158 7
159 7
144 3
145 7
146 7
147 13
148 6
149 6
150 11
151 13
171 9
170 14
169 12
168 18
175 8
174 8
173 18
172 14
163 17
162 16
161 8
160 19
167 20
166 19
165 18
164 19
186 4
187 1
184 8
185 3
190 5
191 4
188 1
189 4
178 13
179 6
176 6
177 3
182 4
183 8
180 4
181 7
205 4
204 4
207 4
206 5
201 2
202 1
197 1
196 2
199 1
198 3
193 1
192 2
195 2
220 10
221 9
222 7
223 10
216 9
217 4
218 6
219 9
212 8
213 6
214 2
215 5
208 4
209 3
210 6
211 3
239 11
238 9
237 21
236 14
235 14
234 21
233 14
232 7
231 15
230 11
229 11
228 10
227 14
226 12
225 10
224 9
254 3
255 3
252 6
253 7
250 4
251 6
248 11
249 7
246 17
247 4
244 17
245 12
242 13
243 15
240 12
241 9
275 4
274 3
273 5
272 2
279 3
278 3
277 5
276 2
283 12
282 3
281 2
280 6
287 6
286 6
285 5
284 8
258 3
259 6
256 6
257 7
262 3
260 2
261 2
266 3
267 4
264 5
270 2
271 4
268 1
269 2
305 11
304 5
307 3
306 4
309 2
308 5
311 6
310 4
313 9
312 2
315 2
314 5
317 6
316 6
319 1
318 1
288 10
289 6
290 9
291 8
292 6
293 6
294 9
295 13
296 12
297 7
298 17
299 6
300 10
301 6
302 5
303 6
339 1
337 2
350 1
326 1
327 1
324 1
325 3
322 4
323 4
320 1
321 2
333 1
328 2
329 1
for FS neurons:
275 8
274 3
273 10
272 5
279 8
278 9
277 4
276 8
283 8
282 5
281 6
280 5
287 4
286 7
285 4
284 5
258 6
259 5
256 4
257 5
262 4
260 5
261 2
266 5
267 9
264 4
265 2
270 7
271 5
268 5
269 6
305 2
304 2
307 3
306 2
309 4
308 1
311 3
310 2
313 1
312 4
315 1
317 2
316 1
319 1
288 4
289 5
290 7
291 5
292 5
293 5
294 1
296 3
297 9
298 2
299 8
300 2
301 5
302 5
303 5
337 1
326 3
324 1
321 2
333 1
331 1
118 1
117 1
127 1
125 2
124 1
137 1
136 3
138 2
141 2
140 3
143 1
142 4
129 1
128 1
130 1
132 1
135 1
134 2
152 2
153 1
154 1
155 3
156 1
158 1
144 4
145 3
146 2
147 1
148 1
149 3
150 1
172 1
162 2
160 1
167 1
164 1
189 1
205 1
207 1
201 2
198 1
192 1
220 2
222 3
216 4
217 4
219 1
213 2
215 2
208 2
210 4
211 5
236 1
231 1
230 1
229 1
228 2
227 2
226 1
225 1
224 1
254 1
255 1
252 3
250 1
251 3
249 3
244 1
245 1
242 1
243 1
240 5
241 1
for LTS neurons:
275 1
274 2
273 2
272 3
279 2
278 1
277 1
276 3
283 2
281 3
280 2
287 2
286 1
285 1
284 1
258 2
259 1
256 2
257 1
263 1
260 3
261 1
266 1
270 3
271 1
268 2
269 1
305 1
304 1
307 2
313 1
312 1
317 1
316 1
319 1
288 2
289 2
290 2
291 1
292 1
293 2
294 1
295 4
296 1
298 2
300 1
301 1
302 2
343 1
342 1
341 1
340 1
339 3
338 2
337 1
336 2
351 2
350 1
349 4
347 1
346 2
345 3
344 1
326 1
324 1
325 2
322 2
323 1
320 1
321 1
334 2
332 3
333 2
94 1
330 2
331 2
328 2
91 1
329 4
102 2
373 1
372 1
375 1
374 4
101 1
368 1
371 2
96 2
97 1
370 2
110 3
380 1
111 3
383 4
108 1
382 1
109 2
377 1
106 3
376 2
107 3
104 1
378 3
105 3
356 4
357 4
118 4
117 1
358 1
116 3
359 1
352 1
114 2
353 3
113 4
354 3
112 1
355 2
365 1
125 2
366 3
124 2
367 1
123 1
122 2
361 1
121 6
362 2
120 1
363 2
411 2
415 1
412 2
402 1
129 1
403 3
401 2
406 2
407 1
404 1
405 2
395 1
394 2
393 2
399 1
398 4
397 1
396 2
387 2
386 1
385 1
384 2
391 3
390 3
389 1
388 2
426 1
429 1
417 1
252 1
251 1
for IB neurons:
275 3
411 2
274 1
273 3
272 1
279 3
278 1
415 2
277 2
412 2
276 1
413 1
283 1
403 1
281 2
400 2
280 2
406 3
287 2
407 2
285 2
284 3
258 1
395 2
257 2
262 1
399 1
263 2
398 1
397 1
396 1
387 2
266 6
267 2
385 2
265 2
270 2
390 1
271 1
268 1
389 1
269 1
388 2
306 1
434 1
436 1
318 1
288 1
290 1
427 1
291 1
429 2
292 1
294 1
430 1
296 2
419 2
422 1
351 1
373 1
372 2
374 1
371 1
370 1
381 1
383 2
382 1
379 2
254 2
252 3
253 1
251 1
244 1
362 2
done
