19 1
23 1
22 3
25 5
24 5
27 15
26 4
29 27
28 24
31 28
30 30
34 49
35 74
32 27
33 40
38 59
39 64
36 55
37 58
42 50
43 53
40 42
41 57
46 25
47 18
44 26
45 33
51 1
50 10
49 9
48 15
54 1
53 1
52 4
71 1
64 1
76 2
77 5
78 3
79 5
73 3
74 6
75 4
85 16
84 13
87 6
86 10
81 11
80 8
83 13
82 14
93 19
92 15
95 22
94 21
89 15
88 17
91 16
90 17
102 21
103 19
100 28
101 24
98 21
99 19
96 11
97 18
110 12
111 23
108 19
109 20
106 17
107 17
104 21
105 21
119 29
118 25
117 30
116 22
115 23
114 20
113 22
112 30
127 36
126 24
125 27
124 28
123 34
122 27
121 32
120 21
137 17
136 14
139 8
138 9
141 14
140 9
143 8
142 11
129 27
128 24
131 20
130 29
133 18
132 35
135 23
134 21
152 1
155 1
158 1
144 5
145 4
146 6
147 3
148 3
149 4
150 2
151 2
166 1
165 1
for FS neurons:
39 2
37 1
42 3
43 2
40 3
41 1
46 2
47 5
44 1
45 2
51 4
50 4
49 7
48 1
55 4
54 2
53 5
52 2
57 1
56 3
63 1
62 2
61 2
60 3
68 2
69 5
70 5
71 6
64 2
65 2
66 3
67 3
76 8
77 8
78 3
79 6
72 6
73 8
74 6
75 10
85 6
84 4
87 6
86 5
81 8
80 8
83 5
82 5
93 6
92 7
95 5
94 4
89 3
88 6
91 7
90 3
102 4
103 5
100 4
101 6
98 5
99 3
96 6
97 9
110 2
111 2
108 1
109 3
106 4
107 2
104 5
105 7
119 6
118 3
117 5
116 3
115 3
114 1
113 4
112 2
127 5
126 7
125 4
124 5
123 4
122 2
121 7
120 6
137 3
136 2
139 2
138 4
140 2
142 1
129 4
128 3
131 3
130 3
133 5
132 2
135 3
153 1
144 1
146 1
150 1
for LTS neurons:
24 1
27 1
28 2
34 8
35 4
32 2
33 3
38 7
39 3
36 4
37 2
42 3
43 2
40 4
41 3
47 3
44 3
45 1
186 4
187 1
184 1
185 2
48 1
190 2
191 7
188 3
189 1
183 2
180 1
181 1
205 10
204 5
207 3
206 10
201 9
200 8
203 5
202 8
197 5
196 5
199 6
198 8
193 6
195 5
194 3
220 2
221 3
222 4
223 4
216 1
217 4
218 2
219 9
212 10
213 4
214 2
215 6
208 6
209 10
210 6
211 9
239 1
235 2
233 4
232 2
231 3
230 3
228 2
226 3
225 3
224 5
248 1
for IB neurons:
274 2
272 2
279 1
278 1
277 1
283 1
280 4
287 3
286 1
285 3
284 1
153 1
259 2
256 1
262 2
260 3
261 1
266 1
267 3
265 3
270 1
268 1
171 1
169 1
175 5
174 2
173 1
172 2
161 1
167 1
164 1
186 4
288 1
187 1
184 1
185 3
190 3
191 3
188 2
294 1
189 2
178 2
179 4
176 5
177 2
182 1
300 1
301 1
180 3
181 3
200 1
197 1
196 2
193 2
192 1
194 2
209 1
237 1
254 1
255 2
252 1
253 1
251 2
248 1
247 1
243 1