4.8 542
4.8 749
4.8 1156
4.8 2272
4.8 2282
5.2 1304
5.3 2546
5.5 1520
5.8 1028
5.8 1783
5.8 2683
6.1 1144
6.1 1914
6.3 387
6.3 748
6.4 3581
6.4 3586
6.5 3799
6.6 1792
6.6 3435
6.8 1515
6.8 2828
6.8 3589
6.9 2552
6.9 3199
7 3311
7 3794
7.1 1157
7.1 2060
7.1 2279
7.1 3030
7.2 756
7.2 2268
7.4 2269
7.5 168
7.6 2551
7.6 3584
7.7 2066
7.7 2548
7.8 827
7.8 1786
7.8 3040
7.9 1921
7.9 2825
8 394
8 3037
8.1 757
8.1 1031
8.1 1305
8.1 1514
8.1 1785
8.2 395
8.2 746
8.2 3803
8.3 261
8.3 1918
8.3 3795
8.4 539
8.4 1298
8.4 1510
8.5 390
8.5 750
8.6 263
8.6 3036
8.6 3436
8.7 2679
8.8 268
8.8 1023
8.8 2275
8.9 271
8.9 2932
8.9 3315
8.9 3427
9 3442
9.1 392
9.1 755
9.1 1032
9.1 3438
9.1 3793
9.2 2673
9.2 3798
9.3 1030
9.3 2676
9.3 2677
9.4 396
9.4 2670
9.5 1511
9.5 1519
9.5 3307
9.6 1303
9.6 3313
9.8 1301
9.8 3043
10 1791
10 2672
10 3305
10.1 1149
10.1 2065
10.3 2550
10.3 2675
10.3 3306
10.4 269
10.4 2064
10.4 3038
10.4 3130
10.6 1917
10.6 2823
10.7 3429
10.8 2671
10.8 3801
10.9 544
10.9 2826
11 1516
11.1 1148
11.2 391
11.4 1518
11.4 3790
11.5 3041
11.7 1029
11.7 2827
11.9 1026
11.9 2544
12 2681
12.1 1300
12.2 393
12.2 2273
12.2 3582
12.3 400
12.3 538
12.4 3797
12.5 2674
12.7 2063
12.8 1025
12.9 262
12.9 1150
13.1 397
13.1 3583
13.2 267
13.2 3039
13.3 264
13.3 1155
13.3 1509
13.3 2061
13.3 2281
13.3 3034
13.4 3440
13.5 1909
13.6 537
13.7 1299
13.8 3439
14 545
14 1146
14.1 1908
14.1 2278
14.2 3428
14.4 3033
14.4 3431
14.6 1153
14.6 2549
14.6 3588
14.8 3308
15.3 3032
15.3 3314
15.5 541
15.5 1147
15.8 2821
15.9 3804
16.1 1911
16.6 3433
16.7 1784
16.8 383
16.9 1024
17.1 3031
17.4 540
17.4 1508
17.5 759
17.6 2067
17.7 2545
18 3444
18.1 2270
18.2 3791
18.6 2271
18.8 1159
19.9 754
19.9 1154
20.3 3042
20.3 3432
20.5 1910
20.7 2666
21.1 2822
21.3 1906
21.3 2062
21.5 2668
21.7 2280
21.9 758
21.9 2678
22.3 1151
22.7 1788
23.4 386
23.5 543
23.9 2059
24.7 3434
24.9 383
26.1 3312
26.4 1512
26.7 1789
27 1790
27.3 1913
27.9 751
27.9 753
28.6 3443
28.8 1920
28.9 3581
29.2 3588
29.3 385
29.9 2553
30 3430
30.1 1027
31 1785
31 2554
31.3 2820
31.4 268
32.2 544
32.5 1916
32.5 3030
33.2 389
33.2 2548
33.3 266
33.6 3437
33.6 3802
34.8 388
35.2 1922
35.3 3794
35.4 3313
35.6 2272
36.2 1511
37 1148
37.6 3587
37.8 269
37.8 1905
38 2679
38.1 3441
38.2 1145
38.4 1029
39.7 1787
40.1 384
40.3 3585
41.2 2823
41.4 2547
41.8 2277
42.1 1521
42.2 1912
43.4 2677
43.6 1152
44.1 2551
44.1 2682
44.4 1298
44.7 1302
44.8 752
45.1 1914
45.3 2060
45.7 1282
45.8 1299
46.5 2064
46.6 3796
46.8 1144
46.8 3036
46.8 3803
46.9 1160
47.2 1510
47.4 2667
47.7 3582
48 2552
48.4 2018
48.5 1032
48.9 1306
48.9 1518
49.4 1153
49.6 3307
50.3 400
50.6 1791
51.2 1792
51.7 1513
51.7 3310
52.1 1786
52.3 2067
52.3 3032
52.4 2271
53.1 2275
53.2 3041
53.6 1157
53.6 2825
53.7 757
53.7 3438
53.8 1196
53.9 394
53.9 3432
54 1517
54.1 387
54.1 1296
54.2 3315
54.6 2545
54.7 517
54.7 1222
54.8 3792
55 1263
55 2049
55.1 534
55.2 538
55.2 2803
55.3 1258
55.4 2043
55.4 2056
55.5 520
55.6 2052
55.6 2820
55.7 529
55.7 1247
55.7 1269
55.7 2811
55.8 1199
55.8 2046
55.9 523
55.9 532
55.9 1211
55.9 1216
55.9 1248
55.9 2050
56 2041
56.1 530
56.1 1232
56.1 1238
56.2 527
56.2 2045
56.3 522
56.3 524
56.3 3309
56.4 516
56.4 1255
56.5 2054
56.6 1215
56.8 1230
56.8 2804
56.9 2812
57 1235
57 2061
57.1 1236
57.2 2813
57.2 3440
57.3 399
57.3 1249
57.3 1291
57.4 3427
57.4 3436
57.6 1198
57.6 1207
57.7 1909
57.7 2053
57.8 1203
57.8 1264
57.8 1278
57.8 1297
57.9 1254
58 1200
58 1241
58 1294
58.1 261
58.1 2810
58.2 526
58.2 1276
58.3 1204
58.3 1293
58.5 2817
58.6 1214
58.6 1277
58.7 1244
58.7 1273
58.7 1280
58.7 1289
58.8 519
58.8 1287
58.8 1296
58.9 1290
59 755
59 1284
59.1 1292
59.2 1279
59.3 1282
59.3 1286
59.4 1295
59.6 1209
59.8 535
59.8 1285
59.8 1305
59.8 2673
60 1234
60 1272
60.2 1256
60.2 1281
60.2 1291
60.5 2044
60.6 1283
60.6 1288
60.7 1278
60.7 1353
60.7 1515
60.8 1022
60.9 1294
61 262
61.1 1276
61.2 1442
61.3 1293
61.6 1297
61.6 1301
61.6 1793
61.7 1135
61.7 1287
61.7 1296
61.7 1439
61.7 2038
61.9 1284
62 1356
62 3035
62.1 1184
62.1 1279
62.1 1365
62.1 1411
62.1 1450
62.2 1389
62.2 1421
62.2 1448
62.4 396
62.4 1286
62.4 1407
62.5 1493
62.6 1425
62.7 1030
62.7 1268
62.7 1387
62.7 3029
62.8 1351
62.8 1375
62.8 1440
62.9 1383
63 1398
63 1441
63.1 2274
63.2 1344
63.3 1321
63.3 1352
63.3 1428
63.3 1432
63.4 1329
63.4 1397
63.5 1394
63.5 1464
63.6 1367
63.6 1418
63.7 1333
63.7 1347
63.7 1360
63.7 1408
63.7 1473
63.8 1322
63.8 1349
63.8 1385
63.8 1402
63.8 1405
63.8 1409
63.9 1300
63.9 1514
64 397
64 1373
64 1392
64 1424
64.1 1309
64.1 1918
64.2 1338
64.3 1354
64.3 1361
64.3 1449
64.4 749
64.4 1312
64.4 1454
64.5 1374
64.5 1390
64.5 1446
64.6 1307
64.6 1317
64.6 1336
64.6 1474
64.6 1520
64.7 1332
64.7 1462
64.9 1323
64.9 1358
64.9 1362
64.9 1419
64.9 1443
64.9 1477
64.9 1509
65 1359
65 1370
65 1391
65.1 1415
65.1 1465
65.3 1326
65.4 1348
65.4 1380
65.4 1444
65.6 1341
65.6 1435
65.6 1911
65.7 1369
65.7 1495
65.8 1165
65.8 1335
65.8 1423
65.8 1433
65.8 1463
65.9 1403
66 1366
66 1376
66 1459
66.1 1479
66.1 1502
66.2 1175
66.2 1311
66.2 1320
66.2 1324
66.2 1328
66.2 1417
66.2 1458
66.2 1460
66.2 1466
66.4 265
66.4 1490
66.5 1451
66.6 1186
66.6 1400
66.6 1503
66.7 1172
66.8 1337
66.8 1395
66.9 1189
66.9 1313
66.9 1378
66.9 1452
66.9 1475
66.9 2066
67 1055
67 1073
67 1077
67 1171
67 1364
67 1368
67 1472
67 1483
67 3428
67.1 1100
67.1 1319
67.1 1485
67.2 1086
67.2 1314
67.2 1339
67.2 1410
67.2 1497
67.3 537
67.3 1037
67.3 1169
67.3 1381
67.3 1399
67.3 1420
67.3 1431
67.3 1437
67.3 1488
67.4 1069
67.4 1170
67.4 1178
67.4 1384
67.5 1181
67.5 1184
67.6 1164
67.6 1182
67.6 1429
67.6 1486
67.6 1506
67.7 1050
67.7 1053
67.7 1062
67.7 1072
67.7 1093
67.7 1113
67.7 1162
67.7 1396
67.7 1468
67.7 1484
67.7 1493
67.7 1498
67.7 1504
67.7 3798
67.8 1039
67.8 1044
67.8 1166
67.8 1190
67.8 1414
67.9 1063
67.9 1095
67.9 1099
67.9 1101
67.9 1176
67.9 1183
67.9 1345
67.9 1445
67.9 1505
68 759
68 1080
68 1097
68 1185
68 1340
68 1379
68 1412
68 1416
68 1439
68 1478
68.1 1074
68.1 1078
68.1 1088
68.1 1105
68.1 1106
68.1 1163
68.1 1167
68.1 1187
68.1 1346
68.1 1382
68.1 1453
68.1 1499
68.2 1034
68.2 1075
68.2 1104
68.2 1110
68.2 1179
68.2 1331
68.2 1434
68.2 1489
68.2 1500
68.2 2250
68.3 1038
68.3 1040
68.3 1049
68.3 1051
68.3 1061
68.3 1065
68.3 1066
68.3 1071
68.3 1083
68.3 1090
68.3 1315
68.3 1422
68.3 1907
68.4 1047
68.4 1084
68.4 1092
68.4 1109
68.4 1192
68.4 1377
68.4 1426
68.5 1057
68.5 1174
68.5 1177
68.5 1191
68.5 1325
68.5 1343
68.5 1427
68.6 1091
68.6 1107
68.6 1188
68.6 1421
68.6 1455
68.6 1905
68.7 1042
68.7 1052
68.7 1054
68.7 1064
68.7 1067
68.7 1094
68.7 1102
68.7 1103
68.7 1168
68.7 1355
68.7 1407
68.7 1495
68.8 1046
68.8 1114
68.8 1372
68.8 1461
68.9 756
68.9 1059
68.9 1060
68.9 1068
68.9 1111
68.9 1180
68.9 1425
68.9 1482
69 1035
69 1056
69 1070
69 1081
69 1173
69 1481
69 2251
69.1 732
69.1 1058
69.1 1079
69.1 1098
69.1 1308
69.1 1375
69.1 1393
69.2 392
69.2 745
69.2 1045
69.2 1048
69.2 1085
69.2 1096
69.2 1165
69.2 1438
69.3 727
69.3 1033
69.3 1041
69.3 1398
69.3 1440
69.3 1479
69.3 1480
69.3 2669
69.4 740
69.4 1082
69.4 1087
69.4 1310
69.4 1316
69.4 1447
69.4 1471
69.4 2245
69.4 2261
69.4 3795
69.5 1036
69.5 1043
69.5 1076
69.5 1108
69.5 1492
69.5 1502
69.6 724
69.6 1112
69.6 1175
69.6 1356
69.6 1432
69.6 1487
69.6 1494
69.6 2259
69.6 3800
69.7 1089
69.7 1138
69.7 2247
69.8 730
69.8 1327
69.8 1394
69.8 1436
69.8 1469
69.8 1503
69.8 3312
69.9 720
69.9 1126
69.9 1137
69.9 1483
69.9 2263
70 717
70 1115
70 1119
70 1186
70 1347
70 1360
70 1388
70 1406
70 1915
70 2266
70.1 718
70.1 1116
70.1 1117
70.1 1123
70.1 1124
70.1 1125
70.1 1129
70.1 1136
70.1 1140
70.1 1172
70.1 1385
70.1 1402
70.1 1405
70.1 2246
70.2 728
70.2 1127
70.2 1130
70.2 1141
70.2 1488
70.2 1490
70.2 2240
70.2 2262
70.2 2267
70.3 271
70.3 738
70.3 1128
70.3 1131
70.3 1133
70.3 1189
70.3 1397
70.3 3311
70.4 687
70.4 741
70.4 1120
70.4 1121
70.4 1134
70.4 1171
70.4 1413
70.4 1485
70.5 270
70.5 1122
70.5 1132
70.5 1142
70.5 1143
70.5 2255
70.6 398
70.6 729
70.6 1135
70.6 1389
70.6 1496
70.6 1504
70.7 735
70.7 1118
70.7 1169
70.7 1312
70.7 2239
70.7 2244
70.8 736
70.8 1139
70.8 1170
70.8 1178
70.8 1409
70.8 1446
70.8 1493
70.8 2242
70.9 722
70.9 731
70.9 744
70.9 1181
70.9 1184
70.9 1342
70.9 1357
70.9 2265
70.9 2544
71 1164
71 1182
71 1332
71 1506
71 1880
71 2264
71.1 361
71.1 372
71.1 719
71.1 1161
71.1 1162
71.1 1500
71.1 1886
71.1 1892
71.1 2241
71.2 739
71.2 742
71.2 1166
71.2 1190
71.2 1498
71.2 1903
71.2 2257
71.2 3586
71.3 360
71.3 1176
71.3 1183
71.3 1359
71.3 1391
71.3 1392
71.3 1878
71.3 1888
71.3 3583
71.4 355
71.4 382
71.4 1185
71.4 1305
71.4 1307
71.4 1881
71.4 1887
71.4 1893
71.4 1897
71.4 2250
71.4 2258
71.4 2270
71.5 354
71.5 362
71.5 364
71.5 377
71.5 1163
71.5 1167
71.5 1187
71.5 1884
71.5 1898
71.5 2254
71.6 267
71.6 358
71.6 363
71.6 379
71.6 721
71.6 1179
71.6 1456
71.6 1457
71.6 1470
71.6 1499
71.6 1879
71.6 1885
71.6 1896
71.6 2243
71.7 369
71.7 371
71.7 733
71.7 1348
71.7 1411
71.7 1424
71.7 1462
71.7 1876
71.7 1883
71.7 2679
71.8 356
71.8 373
71.8 375
71.8 376
71.8 737
71.8 1192
71.8 1467
71.8 1889
71.8 1890
71.8 1891
71.8 1902
71.9 359
71.9 367
71.9 1174
71.9 1177
71.9 1191
71.9 1877
71.9 1895
71.9 2248
71.9 2251
72 357
72 378
72 607
72 1188
72 1882
72 1899
72 2253
72.1 368
72.1 380
72.1 723
72.1 746
72.1 1168
72.1 1330
72.1 1433
72.1 1505
72.1 1900
72.1 2675
72.2 381
72.2 1349
72.2 1479
72.2 1481
72.2 1901
72.2 2256
72.3 365
72.3 366
72.3 1180
72.3 1459
72.3 1482
72.3 1489
72.4 1173
72.4 1335
72.4 1492
72.5 374
72.5 1302
72.5 1466
72.5 1487
72.5 1494
72.5 1501
72.5 1519
72.5 1894
72.5 2234
72.5 2260
72.5 3004
72.5 3025
72.6 740
72.6 1138
72.6 1165
72.6 1334
72.6 1464
72.6 1508
72.7 727
72.7 1306
72.7 1428
72.7 1495
72.7 1503
72.7 1904
72.8 726
72.8 1126
72.8 1137
72.8 1156
72.8 1304
72.8 1358
72.8 1483
72.8 2546
72.8 3011
72.8 3021
72.9 1115
72.9 1119
72.9 1145
73 1116
73 1117
73 1123
73 1124
73 1125
73 1129
73 1136
73 1140
73 1175
73 1298
73 1303
73 1478
73 3016
73 3308
73.1 370
73.1 1127
73.1 1130
73.1 1141
73.1 1337
73.1 1488
73.1 1490
73.2 760
73.2 1128
73.2 1131
73.2 1133
73.2 2268
73.2 3020
73.2 3028
73.3 1055
73.3 1073
73.3 1077
73.3 1120
73.3 1121
73.3 1134
73.3 1485
73.3 3443
73.4 406
73.4 1100
73.4 1122
73.4 1132
73.4 1142
73.4 1143
73.4 1186
73.4 1502
73.4 3023
73.4 3027
73.4 3433
73.5 632
73.5 1086
73.5 1135
73.5 1172
73.5 1300
73.5 1410
73.5 1496
73.5 1504
73.5 1507
73.5 2670
73.5 3014
73.5 3015
73.5 3026
73.6 732
73.6 1037
73.6 1118
73.6 1299
73.6 1381
73.6 1437
73.6 1512
73.6 1520
73.7 1069
73.7 1139
73.7 1189
73.7 1362
73.7 1493
73.7 3306
73.8 745
73.8 1171
73.8 1395
73.8 2660
73.9 1386
73.9 1429
73.9 1880
73.9 3010
73.9 3022
74 361
74 372
74 1050
74 1053
74 1062
74 1072
74 1093
74 1113
74 1396
74 1468
74 1500
74 1886
74 1892
74.1 417
74.1 422
74.1 1039
74.1 1044
74.1 1169
74.1 1354
74.1 1444
74.1 1480
74.1 1498
74.1 1903
74.1 1922
74.2 360
74.2 1063
74.2 1095
74.2 1099
74.2 1101
74.2 1170
74.2 1178
74.2 1418
74.2 1423
74.2 1878
74.2 1888
74.2 3002
74.2 3009
74.2 3024
74.3 355
74.3 382
74.3 1080
74.3 1097
74.3 1181
74.3 1184
74.3 1473
74.3 1881
74.3 1887
74.3 1893
74.3 1897
74.3 2641
74.3 3017
74.4 354
74.4 362
74.4 364
74.4 377
74.4 402
74.4 743
74.4 1074
74.4 1078
74.4 1088
74.4 1105
74.4 1106
74.4 1164
74.4 1182
74.4 1286
74.4 1884
74.4 1898
74.4 1952
74.5 358
74.5 363
74.5 379
74.5 1034
74.5 1075
74.5 1104
74.5 1110
74.5 1149
74.5 1162
74.5 1345
74.5 1879
74.5 1885
74.5 1896
74.5 3013
74.6 369
74.6 371
74.6 1038
74.6 1040
74.6 1049
74.6 1051
74.6 1061
74.6 1065
74.6 1066
74.6 1071
74.6 1083
74.6 1090
74.6 1166
74.6 1190
74.6 1315
74.6 1876
74.6 1883
74.6 2549
74.6 2648
74.7 263
74.7 356
74.7 373
74.7 375
74.7 376
74.7 1047
74.7 1084
74.7 1092
74.7 1109
74.7 1176
74.7 1183
74.7 1890
74.7 1891
74.7 1902
74.7 2249
74.7 2639
74.7 2649
74.8 359
74.8 367
74.8 1057
74.8 1185
74.8 1343
74.8 1516
74.8 1877
74.8 1895
74.8 2644
74.9 357
74.9 388
74.9 1091
74.9 1107
74.9 1163
74.9 1167
74.9 1187
74.9 1899
74.9 3001
75 380
75 734
75 1042
75 1052
75 1054
75 1064
75 1067
75 1094
75 1102
75 1103
75 1179
75 1900
75.1 381
75.1 1046
75.1 1114
75.1 1479
75.2 1059
75.2 1060
75.2 1068
75.2 1111
75.2 1192
75.2 1289
75.2 1481
75.3 1035
75.3 1056
75.3 1070
75.3 1081
75.3 1174
75.3 1177
75.3 1191
75.3 1323
75.4 393
75.4 1058
75.4 1079
75.4 1098
75.4 1188
75.4 1487
75.4 2638
75.4 2650
75.4 2651
75.5 1045
75.5 1048
75.5 1085
75.5 1096
75.5 1138
75.5 1168
75.5 1482
75.5 2554
75.5 2640
75.5 3012
75.6 1033
75.6 1041
75.6 1147
75.7 1082
75.7 1087
75.7 1126
75.7 1137
75.7 1180
75.7 1316
75.7 2643
75.8 368
75.8 1036
75.8 1043
75.8 1076
75.8 1108
75.8 1115
75.8 1119
75.8 1173
75.8 2666
75.8 2683
75.9 1112
75.9 1116
75.9 1117
75.9 1123
75.9 1124
75.9 1125
75.9 1129
75.9 1136
75.9 1140
75.9 1431
76 1089
76 1127
76 1130
76 1141
76 1165
76.1 1128
76.1 1131
76.1 1133
76.1 2655
76.1 2662
76.2 1120
76.2 1121
76.2 1296
76.2 1305
76.2 1882
76.3 1122
76.3 1132
76.3 1142
76.3 1143
76.3 2658
76.3 2665
76.4 365
76.4 1175
76.4 1488
76.4 1499
76.5 843
76.5 1505
76.5 2653
76.6 1139
76.6 2663
76.7 800
76.7 1494
76.8 881
76.8 1186
76.8 1880
76.8 2646
76.9 1172
76.9 2637
77 847
77 1287
77 2642
77 2656
77 2676
77.1 1135
77.1 1189
77.1 1301
77.2 653
77.2 1171
77.2 2654
77.2 2708
77.3 952
77.3 1302
77.3 1500
77.3 1519
77.3 1886
77.3 2641
77.3 3003
77.3 3581
77.4 1118
77.4 1134
77.5 422
77.5 771
77.5 967
77.5 1024
77.5 1169
77.5 1279
77.5 1306
77.6 1170
77.6 1178
77.6 1304
77.6 1897
77.6 2678
77.7 372
77.7 886
77.7 991
77.7 1181
77.7 1184
77.7 2659
77.8 1164
77.8 1182
77.8 1298
77.8 1303
77.9 824
77.9 1162
77.9 3005
77.9 3008
78 377
78 1166
78 1190
78 1881
78 2660
78.1 369
78.1 1176
78.1 1183
78.1 1319
78.1 2661
78.2 763
78.2 1185
78.3 1163
78.3 1167
78.3 1187
78.3 1300
78.3 1893
78.3 2648
78.4 1138
78.4 1179
78.4 1295
78.4 1299
78.5 360
78.5 1290
78.6 767
78.6 876
78.6 1126
78.6 1137
78.6 1192
78.6 1289
78.7 1115
78.7 1119
78.7 1174
78.7 1177
78.7 1191
78.7 1285
78.8 1116
78.8 1117
78.8 1123
78.8 1124
78.8 1125
78.8 1129
78.8 1136
78.8 1140
78.8 1188
78.8 2712
78.9 1031
78.9 1127
78.9 1130
78.9 1141
78.9 1168
78.9 1291
79 382
79 1128
79 1131
79 1133
79.1 796
79.1 1120
79.1 1121
79.1 1180
79.2 946
79.2 987
79.2 1122
79.2 1132
79.2 1142
79.2 1143
79.2 1173
79.2 1283
79.2 1876
79.2 1878
79.3 363
79.3 832
79.3 1898
79.4 1165
79.5 1139
79.5 1512
79.6 1055
79.6 1073
79.6 1077
79.7 368
79.7 1100
79.7 1880
79.8 797
79.8 1086
79.8 1175
79.8 1282
79.8 1286
79.9 379
79.9 1037
79.9 1280
80 961
80 1069
80 1135
80 1287
80 1498
80 1516
80.1 887
80.1 1292
80.2 1186
80.2 1487
80.2 1500
80.2 1879
80.2 1886
80.3 862
80.3 874
80.3 1050
80.3 1053
80.3 1062
80.3 1072
80.3 1093
80.3 1113
80.3 1118
80.3 1134
80.3 1172
80.3 1899
80.4 761
80.4 908
80.4 1039
80.4 1044
80.4 1520
80.5 804
80.5 836
80.5 985
80.5 1063
80.5 1095
80.5 1099
80.5 1101
80.5 1189
80.5 1423
80.5 1495
80.5 1897
80.6 372
80.6 1028
80.6 1080
80.6 1097
80.6 1171
80.7 1074
80.7 1078
80.7 1088
80.7 1105
80.7 1106
80.8 879
80.8 1034
80.8 1075
80.8 1104
80.8 1110
80.9 377
80.9 882
80.9 1038
80.9 1040
80.9 1049
80.9 1051
80.9 1061
80.9 1065
80.9 1066
80.9 1071
80.9 1083
80.9 1090
80.9 1169
80.9 1507
80.9 1881
81 355
81 357
81 367
81 369
81 413
81 1047
81 1084
81 1092
81 1109
81 1170
81 1178
81 1305
81 1885
81 1901
81 1902
81.1 840
81.1 867
81.1 951
81.1 1057
81.1 1181
81.1 1184
81.1 1293
81.2 976
81.2 1091
81.2 1107
81.2 1164
81.2 1182
81.2 1893
81.3 381
81.3 816
81.3 1042
81.3 1052
81.3 1054
81.3 1064
81.3 1067
81.3 1094
81.3 1102
81.3 1103
81.3 1138
81.3 1162
81.4 1046
81.4 1114
81.4 1166
81.4 1190
81.4 1890
81.5 356
81.5 376
81.5 841
81.5 970
81.5 1059
81.5 1060
81.5 1068
81.5 1111
81.5 1126
81.5 1137
81.5 1176
81.5 1183
81.6 364
81.6 373
81.6 922
81.6 1035
81.6 1056
81.6 1070
81.6 1081
81.6 1115
81.6 1119
81.6 1185
81.7 360
81.7 1058
81.7 1079
81.7 1098
81.7 1116
81.7 1123
81.7 1124
81.7 1125
81.7 1136
81.7 1140
81.7 1163
81.7 1167
81.7 1187
81.8 798
81.8 938
81.8 1045
81.8 1048
81.8 1085
81.8 1096
81.8 1127
81.8 1130
81.8 1141
81.8 1179
81.9 382
81.9 834
81.9 871
81.9 1033
81.9 1041
81.9 1128
81.9 1131
81.9 1301
81.9 1884
82 374
82 1082
82 1087
82 1117
82 1120
82 1121
82 1129
82 1192
82 1903
82.1 941
82.1 1036
82.1 1043
82.1 1076
82.1 1108
82.1 1122
82.1 1132
82.1 1133
82.1 1142
82.1 1143
82.1 1174
82.1 1177
82.1 1191
82.1 1302
82.1 1372
82.1 1433
82.1 1519
82.1 1876
82.2 363
82.2 893
82.2 1112
82.2 1188
82.2 1878
82.2 1898
82.3 1168
82.3 1883
82.3 3313
82.4 361
82.4 1139
82.4 1304
82.5 930
82.5 1180
82.6 368
82.6 805
82.6 1173
82.6 1298
82.6 1303
82.6 1877
82.6 1880
82.8 379
82.8 545
82.8 1165
82.8 1888
82.9 873
82.9 1135
83 866
83.1 354
83.1 1027
83.1 1300
83.1 1480
83.1 1879
83.1 1886
83.2 1134
83.2 1175
83.2 1299
83.3 953
83.3 1118
83.3 1481
83.3 1887
83.3 1899
83.4 1892
83.4 1897
83.5 372
83.5 897
83.5 983
83.5 1405
83.6 375
83.6 1186
83.6 1490
83.6 1882
83.6 1891
83.6 3430
83.7 818
83.7 1172
83.7 1500
83.7 3794
83.8 377
83.8 1881
83.9 355
83.9 367
83.9 369
83.9 1189
83.9 1885
83.9 1901
83.9 1902
84 928
84 964
84 1171
84 3431
84.1 357
84.1 371
84.1 963
84.1 1361
84.1 1479
84.1 1893
84.2 381
84.2 1138
84.2 1904
84.3 380
84.3 993
84.3 1169
84.3 1512
84.3 1890
84.3 1894
84.4 356
84.4 362
84.4 376
84.4 1126
84.4 1137
84.4 1170
84.4 1178
84.5 364
84.5 373
84.5 975
84.5 1115
84.5 1119
84.5 1181
84.5 1184
84.5 1900
84.6 360
84.6 378
84.6 888
84.6 1116
84.6 1123
84.6 1124
84.6 1125
84.6 1136
84.6 1140
84.6 1164
84.6 1182
84.7 1127
84.7 1130
84.7 1141
84.7 1162
84.7 1306
84.7 1889
84.7 1896
84.8 358
84.8 359
84.8 382
84.8 782
84.8 788
84.8 1128
84.8 1131
84.8 1166
84.8 1190
84.8 1493
84.8 1515
84.8 1884
84.8 1895
84.8 3799
84.9 365
84.9 374
84.9 1117
84.9 1120
84.9 1121
84.9 1129
84.9 1176
84.9 1183
84.9 1516
84.9 1903
85 1122
85 1132
85 1133
85 1142
85 1143
85 1185
85 1876
85.1 363
85.1 366
85.1 990
85.1 1163
85.1 1167
85.1 1187
85.1 1878
85.1 1898
85.1 2827
85.2 958
85.2 1179
85.2 1883
85.3 361
85.3 905
85.3 1139
85.3 1487
85.4 1192
85.4 1325
85.4 1494
85.4 1498
85.4 1499
85.5 368
85.5 1174
85.5 1177
85.5 1489
85.5 1492
85.5 1783
85.5 1877
85.5 1880
85.6 1188
85.6 1484
85.7 379
85.7 1168
85.7 1343
85.7 1501
85.7 1888
85.8 812
85.8 1135
85.8 1305
85.9 765
85.9 912
85.9 934
85.9 1055
85.9 1073
85.9 1180
85.9 1495
85.9 1508
86 354
86 939
86 948
86 1100
86 1173
86 1352
86 1480
86 1488
86 1879
86 1886
86 3437
86.1 839
86.1 1086
86.1 1134
86.1 1482
86.1 1505
86.1 1507
86.1 1511
86.1 1520
86.2 1118
86.2 1165
86.2 1481
86.2 1887
86.2 1899
86.3 1892
86.3 1897
86.3 2638
86.4 372
86.4 1483
86.5 375
86.5 1490
86.5 1882
86.5 1891
86.6 1053
86.6 1062
86.6 1072
86.6 1175
86.6 1399
86.6 1500
86.7 377
86.7 1025
86.7 1502
86.7 1881
86.8 355
86.8 367
86.8 369
86.8 407
86.8 783
86.8 842
86.8 845
86.8 1099
86.8 1101
86.8 1423
86.8 1885
86.8 1901
86.8 1902
86.9 1302
86.9 1519
87 357
87 371
87 770
87 1105
87 1186
87 1479
87 1893
87.1 381
87.1 880
87.1 1034
87.1 1104
87.1 1110
87.1 1138
87.1 1172
87.1 1411
87.1 1485
87.1 1904
87.2 380
87.2 957
87.2 1038
87.2 1040
87.2 1061
87.2 1090
87.2 1375
87.2 1890
87.2 1894
87.3 356
87.3 362
87.3 376
87.3 1092
87.3 1109
87.3 1126
87.3 1137
87.3 1189
87.3 1496
87.4 364
87.4 370
87.4 373
87.4 1115
87.4 1119
87.4 1303
87.4 1900
87.5 360
87.5 378
87.5 802
87.5 828
87.5 910
87.5 1116
87.5 1123
87.5 1124
87.5 1125
87.5 1136
87.5 1140
87.5 1304
87.5 1429
87.5 1518
87.6 803
87.6 984
87.6 1067
87.6 1127
87.6 1130
87.6 1141
87.6 1395
87.6 2828
87.7 358
87.7 359
87.7 382
87.7 1114
87.7 1128
87.7 1131
87.7 1169
87.7 1884
87.7 1895
87.7 1896
87.8 365
87.8 374
87.8 778
87.8 793
87.8 1117
87.8 1120
87.8 1121
87.8 1129
87.8 1170
87.8 1178
87.8 1418
87.8 1465
87.8 1521
87.8 1889
87.8 1903
87.9 962
87.9 1056
87.9 1081
87.9 1122
87.9 1132
87.9 1133
87.9 1142
87.9 1143
87.9 1181
87.9 1184
87.9 1300
87.9 1876
88 363
88 1182
88 1493
88 1878
88 1898
88 3588
88.1 933
88.1 936
88.1 1045
88.1 1085
88.1 1162
88.1 1468
88.1 1883
88.2 361
88.2 366
88.2 1026
88.2 1033
88.2 1139
88.2 1166
88.2 1190
88.2 1487
88.3 1087
88.3 1183
88.3 1328
88.4 368
88.4 1043
88.4 1076
88.4 1185
88.4 1355
88.4 1433
88.4 1877
88.4 1880
88.5 767
88.5 1112
88.5 1163
88.6 269
88.6 379
88.6 538
88.6 1888
88.7 971
88.7 972
88.7 1135
88.7 1167
88.7 2550
88.8 1321
88.9 354
88.9 969
88.9 1174
88.9 1177
88.9 1879
88.9 1886
89 1021
89 1134
89 2644
89.1 1118
89.1 1168
89.1 1424
89.1 1512
89.1 1887
89.1 1899
89.1 2643
89.2 843
89.2 1323
89.2 1892
89.2 1897
89.3 372
89.3 1180
89.3 2638
89.4 375
89.4 885
89.4 1324
89.4 1356
89.4 1882
89.4 1891
89.4 2662
89.5 786
89.5 787
89.5 1176
89.5 1192
89.5 1334
89.6 377
89.6 1165
89.6 1881
89.6 2650
89.6 2658
89.7 355
89.7 367
89.7 369
89.7 1486
89.7 1516
89.7 1885
89.7 1901
89.7 1902
89.9 357
89.9 371
89.9 870
89.9 1473
89.9 1893
89.9 2062
89.9 2826
90 381
90 1138
90 1398
90.1 838
90.1 1890
90.2 362
90.2 376
90.2 807
90.2 1126
90.2 1137
90.3 364
90.3 373
90.3 784
90.3 977
90.3 1115
90.3 1119
90.3 2641
90.3 2651
90.4 360
90.4 917
90.4 1116
90.4 1123
90.4 1124
90.4 1125
90.4 1136
90.4 1140
90.5 1127
90.5 1130
90.5 1141
90.5 1287
90.6 378
90.6 380
90.6 382
90.6 1020
90.6 1128
90.6 1131
90.6 1173
90.6 1370
90.6 1884
90.6 2661
90.7 359
90.7 986
90.7 1117
90.7 1120
90.7 1121
90.7 1129
90.7 1189
90.7 1903
90.7 2648
90.7 2660
90.7 2822
90.8 1122
90.8 1132
90.8 1133
90.8 1142
90.8 1143
90.8 1362
90.8 1876
90.8 2640
90.8 2657
90.9 356
90.9 363
90.9 952
90.9 1878
90.9 1898
91 539
91 1425
91 1883
91 2254
91.1 361
91.1 374
91.1 994
91.1 1139
91.1 1515
91.2 777
91.2 1178
91.2 1498
91.3 368
91.3 370
91.3 1880
91.3 2821
91.3 3801
91.4 1182
91.4 1504
91.4 1779
91.5 379
91.5 1017
91.5 1162
91.5 1769
91.6 1135
91.6 1166
91.6 1489
91.6 1492
91.6 3589
91.7 907
91.7 1183
91.7 1325
91.8 354
91.8 790
91.8 1185
91.8 1279
91.8 1381
91.8 1879
91.8 1886
91.8 1900
91.8 2654
91.9 260
91.9 1134
91.9 1392
91.9 2644
92 1118
92 1169
92 1888
92.1 766
92.1 1466
92.1 1892
92.1 1895
92.1 1897
92.2 372
92.2 949
92.2 1022
92.2 1023
92.2 1887
92.2 2638
92.2 2649
92.3 358
92.3 1352
92.3 1899
92.4 1508
92.4 2063
92.4 2652
92.5 377
92.5 780
92.5 791
92.5 955
92.5 1168
92.5 1881
92.6 355
92.6 367
92.6 369
92.6 1174
92.6 1901
92.6 1902
92.7 366
92.7 544
92.7 924
92.7 1289
92.7 1877
92.8 929
92.8 1305
92.8 1343
92.8 1893
92.8 2646
92.9 1138
92.9 1163
93 1890
93.1 357
93.1 376
93.1 815
93.1 915
93.1 1126
93.1 1137
93.1 1285
93.1 1420
93.1 1423
93.2 937
93.2 1115
93.2 1119
93.2 1891
93.2 3584
93.3 991
93.3 1116
93.3 1123
93.3 1124
93.3 1125
93.3 1136
93.3 1140
93.3 1181
93.3 1405
93.3 1520
93.3 2639
93.4 364
93.4 1127
93.4 1130
93.4 1141
93.5 891
93.5 1128
93.5 1131
93.5 3438
93.6 1092
93.6 1117
93.6 1120
93.6 1121
93.6 1129
93.6 1364
93.6 1432
93.6 1885
93.6 2643
93.7 381
93.7 1122
93.7 1132
93.7 1133
93.7 1142
93.7 1143
93.7 1386
93.7 1876
93.8 919
93.8 1470
93.8 2658
93.9 804
93.9 1329
93.9 1395
94 1004
94 1139
94 1184
94 1519
94.1 382
94.1 1399
94.2 1180
94.2 1880
94.2 1882
94.2 3314
94.3 361
94.3 541
94.4 379
94.4 900
94.4 2663
94.5 542
94.5 1135
94.5 1903
94.5 3582
94.6 801
94.6 1178
94.6 1350
94.6 1482
94.7 1886
94.7 1894
94.8 363
94.8 1448
94.8 1785
94.9 1349
95 992
95 1025
95 1166
95 1897
95 2271
95 3444
95.1 360
95.1 372
95.1 1183
95.2 1878
95.2 1898
95.3 1182
95.3 2660
95.4 850
95.4 865
95.4 1372
95.4 1790
95.5 139
95.5 251
95.6 1789
95.7 967
95.7 989
95.7 1134
95.8 362
95.8 1138
95.9 1464
96 1126
96 1137
96 1881
96 3442
96.1 1115
96.1 1119
96.2 369
96.2 1116
96.2 1118
96.2 1123
96.2 1136
96.2 1140
96.2 1883
96.3 1127
96.3 1130
96.4 359
96.4 1128
96.4 1131
96.4 1433
96.5 1117
96.5 1120
96.6 1122
96.6 1124
96.6 1132
96.6 1142
96.6 1876
96.6 1893
96.8 976
96.8 1455
96.9 3315
97.1 1901
97.5 753
97.5 1129
97.7 1162
97.8 1892
97.8 2638
97.8 2641
98 373
98 543
98.1 1165
98.3 1477
98.5 377
98.5 1175
98.7 379
98.7 1125
99 1119
99 1183
99.3 368
99.3 1115
99.4 1899
99.4 2281
99.5 1403
99.5 1880
99.6 1787
99.7 540
99.7 1897
99.7 2273
99.8 1762
99.8 2065
99.8 3793
100.4 1184
100.6 1136
100.7 1116
100.7 1127
100.7 1138
100.7 3585
101 747
101.1 372
101.2 2277
101.6 1791
101.9 752
102.1 2282
102.2 1137
102.5 1175
102.6 758
102.6 1128
102.7 2066
102.9 859
103 2059
103.5 749
103.8 717
103.9 1143
104.2 754
104.4 2249
105.1 3803
105.2 750
105.7 3033
106 3440
106.5 3039
106.6 2067
107.1 2275
107.2 3439
107.5 2279
107.9 3036
108.2 3037
108.6 3038
108.6 3040
109.1 268
109.9 2060
110 3435
110.7 755
110.9 757
111.3 3031
111.4 3035
112 2280
112.1 3804
112.9 263
113.9 1027
114.4 759
115 2064
115 3427
116 3453
116.1 2740
116.3 2828
116.8 1788
116.8 2824
117.7 2820
118 3586
118.2 1029
118.7 3042
119.5 3032
119.9 2670
119.9 3434
120.1 3030
120.3 2551
120.3 2552
120.5 3802
120.9 3033
121.2 2553
121.2 3305
121.2 3309
121.4 3792
121.5 2672
121.5 2825
121.5 3307
121.8 2666
122.3 2680
122.6 390
123.3 389
123.7 1910
123.8 386
123.8 2728
124.5 1157
124.5 2826
124.8 398
124.8 3587
124.9 1155
125 394
125 2546
125.1 1917
125.4 1913
125.5 393
125.7 1149
125.7 3311
125.9 2063
126 1906
126.1 383
126.2 2681
126.3 1919
126.3 1922
126.4 1916
126.4 3432
126.6 399
126.6 1154
126.6 1159
126.7 751
127 3247
127.1 1144
127.1 1920
127.2 1907
127.2 1918
127.3 2674
127.4 400
127.4 1905
127.4 3436
127.5 1152
127.6 2547
128 1911
128 2683
128 2823
128.2 266
128.2 2821
128.5 1151
128.5 2827
128.7 387
128.8 1915
128.9 2152
128.9 2889
129.1 396
129.1 1912
129.2 3433
129.5 1908
129.9 1514
130 1145
130 1161
130 2668
130.1 384
130.3 385
130.4 392
130.5 1160
130.6 1146
130.6 1909
130.7 2673
131.3 1024
131.3 1510
131.3 1914
131.5 1792
132.1 274
132.5 1150
132.5 2675
132.5 2677
132.5 2679
132.6 2671
132.9 835
133 458
133.2 442
133.5 1784
133.6 3039
133.7 269
133.7 2272
134.1 539
134.2 1158
134.2 3041
134.3 3795
134.7 545
134.8 1785
134.9 445
135.3 394
135.4 2274
135.5 3589
135.8 2676
136.1 262
136.3 270
136.4 3441
136.6 538
136.8 1156
137.2 1518
137.7 3031
137.7 3583
138 265
138.5 3313
138.6 1148
138.6 1510
138.7 2061
138.8 1793
139.1 1159
139.3 2279
139.5 1921
139.7 389
139.8 1154
140.1 2275
140.3 517
140.3 2271
140.4 264
140.7 1932
141.1 526
141.1 1157
141.7 1941
142.1 383
142.2 1513
142.3 1517
142.4 543
142.6 2066
142.7 384
142.7 388
142.7 454
142.8 390
143 746
143.1 537
143.1 2278
143.3 1279
143.5 541
143.7 391
144.2 3437
145 3444
145.2 1152
145.4 3798
145.7 1237
146 3307
146.1 386
146.1 1150
146.2 2705
146.6 1030
146.9 542
147.1 3029
147.3 2545
147.4 490
147.5 3793
148 2277
148.1 3791
148.2 1301
148.3 1155
148.3 1201
148.5 425
148.7 748
148.8 3312
149.1 1259
149.1 1270
149.3 760
149.4 3519
149.7 750
149.8 1022
149.8 2667
150.4 3429
150.6 1949
150.7 1153
150.7 2822
150.8 267
150.8 2270
151 2670
151.1 1930
151.2 1511
151.5 2060
151.6 1197
151.8 2548
152.1 3581
152.5 2065
152.5 3794
152.6 1228
152.6 2678
153.3 1915
153.3 2554
153.3 3320
153.8 1509
154.2 754
154.4 1291
154.6 1290
154.6 1294
154.8 540
154.8 3547
155.2 1282
155.3 3036
155.5 752
155.5 1147
155.5 1789
155.7 2680
155.7 2698
155.9 1918
156 1225
156.1 261
156.1 1219
156.5 3040
156.7 1257
156.8 1298
156.8 2684
156.9 2067
157.2 1277
157.2 1289
157.6 1906
157.8 1213
158 3035
158.2 544
158.5 3442
158.6 1028
158.6 1247
159.3 1208
159.3 3588
159.6 3037
159.8 1910
160 747
160 1242
160 2552
160.2 3033
160.3 1295
160.3 2820
160.4 3797
161 1261
161.3 2674
161.5 3310
162.1 1911
162.1 1916
162.1 2057
163.2 3169
163.2 3431
163.5 1922
163.6 3582
164 2801
164.2 2694
164.3 2282
164.4 3042
164.5 3584
164.6 395
164.6 521
164.6 3308
164.7 1144
164.7 1790
165.3 1149
165.3 3801
165.4 539
165.7 2813
165.9 1244
166.2 1262
166.2 3430
166.3 391
166.4 3439
166.6 387
166.7 1275
166.7 3689
166.8 1303
167 393
167.3 1220
167.5 751
167.6 3803
167.7 397
167.7 2269
167.8 1146
168.3 2672
168.7 1211
168.8 400
169.2 3440
169.3 394
169.4 3306
169.5 1210
169.6 3438
169.9 3802
170 1914
170.1 2704
170.6 1923
170.7 396
170.8 1517
171.2 3032
171.7 3030
172 2276
172.2 1239
172.2 1953
172.4 1917
172.7 3432
172.8 1794
172.8 3040
172.9 1283
173 2682
173.2 2064
173.3 2668
173.5 1920
173.7 3585
174.4 1462
174.4 2546
174.5 1302
174.6 3427
174.8 1305
174.9 1032
174.9 1151
175 3469
175.1 1518
175.3 1408
175.6 1905
176 1158
176.1 1341
176.1 3587
176.4 1148
176.4 1510
176.5 1291
176.5 1340
176.6 1909
176.7 1326
176.7 1912
176.9 2268
177 1304
177.2 3038
177.3 3435
177.4 1287
177.7 1212
177.7 2676
177.8 1377
177.9 2827
178 271
178.1 2666
178.2 1908
178.3 1786
178.5 1507
178.5 1515
178.6 2281
178.7 1299
178.9 263
178.9 1029
178.9 1390
179.8 1363
179.8 3795
180.2 3586
180.3 1793
180.3 3794
180.6 1023
180.6 1928
180.6 2823
181 1385
181.1 1948
181.4 2671
181.5 1947
181.6 2683
181.8 2059
182 3305
182.2 1160
182.2 3447
182.4 1436
183.2 1246
183.3 1453
183.3 3466
183.4 1508
183.9 753
184.1 270
184.2 2272
184.8 1788
185 2675
185.2 1155
185.4 1161
185.6 2544
185.7 1445
186.1 1520
186.5 1451
186.9 1145
187.6 538
188.2 3314
188.5 1306
188.7 398
188.7 2550
189.1 1446
189.1 2679
189.2 3307
189.3 1331
189.7 2673
190 2545
190.2 2677
190.3 1024
190.6 3459
190.9 2277
191.2 2669
191.6 2688
191.8 388
191.8 1785
191.8 2687
192.3 1783
192.8 3799
192.9 2828
193 3428
193.1 2547
193.2 1070
193.2 1791
193.3 268
193.5 755
193.6 2138
193.8 3589
194 754
194.1 269
194.4 1166
194.5 1937
194.6 2821
194.9 3332
195.1 2279
195.1 3793
195.6 1026
195.9 1919
195.9 2271
195.9 3790
196.1 2273
196.1 2549
196.2 757
196.2 1157
196.5 3041
196.8 2063
196.8 2210
196.9 3687
197.3 3311
197.6 1152
198.2 1154
198.2 1907
198.2 3797
198.3 264
198.3 1918
198.5 3043
198.6 1180
198.8 1192
199.1 537
199.2 410
199.2 2825
199.6 756
199.6 2551
199.6 3801
200.1 1105
200.1 3436
200.4 1784
200.4 1939
200.7 1084
200.8 1153
200.8 3486
201.1 1300
201.3 1511
201.4 3434
201.5 1037
201.5 2280
201.8 1091
202 2278
202.2 387
202.3 1516
202.4 3804
202.6 3431
202.8 1299
203 2826
203 3375
203.1 3583
203.6 1179
203.7 542
203.7 3461
204 1986
204 2061
204.1 540
204.1 1521
204.1 3031
204.4 1159
205.1 265
205.1 1789
205.2 3445
205.4 1156
205.8 3443
205.9 392
205.9 400
205.9 2060
205.9 3798
206.7 1032
207.2 1946
207.5 1181
207.7 2822
208.9 3312
209 365
209.1 2666
209.2 3581
209.7 262
209.7 2553
210 1133
210.1 1301
211 266
211 434
211.1 1080
211.1 1921
211.1 3313
211.6 1031
211.6 1303
212.1 3437
212.3 2824
212.5 2670
212.7 544
212.9 395
213.1 3524
213.3 1304
213.8 1119
213.9 2678
214.2 1022
214.5 538
214.6 3584
214.7 1298
215.1 2667
216.4 750
216.5 3428
216.7 1905
217 759
217 1151
217.1 3462
217.6 1513
217.6 2015
218 2270
218.3 2552
218.4 1941
218.6 1911
218.8 2681
219.4 1302
219.4 2282
219.6 1848
220.6 1927
220.6 2062
220.7 3588
220.8 438
220.8 2275
221.5 1519
221.5 1866
221.6 1029
221.9 1915
222.1 3803
222.5 1156
222.6 1917
222.6 3035
223.4 751
223.6 396
224.2 3427
224.4 1025
225.2 2268
225.3 3440
225.4 1146
225.5 383
225.7 2548
225.8 541
226 2065
226.1 539
226.1 545
226.1 1155
227 758
227 2823
227.1 3036
227.3 1787
227.8 1914
228 3429
228.2 3309
228.4 1150
228.4 3443
229.3 1906
229.6 1790
229.8 755
229.9 3311
230.1 430
230.5 1149
230.7 1147
230.8 1514
230.9 3586
231.3 3582
231.4 2067
231.5 1912
231.9 1509
232.5 2066
232.7 1028
232.9 1027
233 1908
233.2 2271
233.3 3034
233.9 393
234 267
234.3 263
234.3 3040
234.6 753
234.7 1512
234.9 1922
235.4 3033
235.4 3308
235.5 386
235.5 3432
236 2821
236.1 3489
236.3 2680
236.5 268
237.4 3444
237.8 289
238.2 1030
239 3433
239.1 1305
239.3 2675
239.7 2669
240 1910
240.4 543
240.4 1148
240.7 3430
240.8 3029
240.9 3796
241.1 3583
241.2 1023
241.3 3039
241.5 2671
241.5 3042
241.6 387
241.8 3792
242.1 3436
242.4 2676
242.6 3431
242.8 749
243.2 1788
243.2 3306
243.3 261
243.3 542
243.3 2827
244.2 394
244.6 2279
245.8 1161
245.9 757
246.1 2546
246.2 2674
247.1 389
247.2 2672
247.9 2550
248.6 385
249.5 1791
249.8 384
250.1 760
250.2 1144
250.4 2825
250.5 2670
251.5 2059
251.7 2064
252 1786
252 2554
252.3 754
252.4 172
252.5 3793
252.6 2679
252.8 397
253 3037
253.1 3438
253.7 1306
253.8 1793
253.9 2552
254.2 3799
254.5 758
254.6 3435
255.2 2547
255.8 3315
256 2677
256.3 1518
256.5 264
257 2822
257.2 2281
257.9 1511
258 3800
258.5 3439
258.5 3794
258.9 1507
259 3589
259.5 1792
259.9 1909
260.5 1304
261.1 1301
261.4 1913
262.1 3038
262.2 2668
262.5 1785
263 1515
263.1 1916
263.4 3797
263.5 390
263.7 3587
263.9 1915
264 544
264.4 1145
264.5 1908
264.9 1783
266.2 2544
266.3 400
266.5 2820
266.6 1911
266.6 3429
266.9 1508
267.8 2551
268 267
268 396
268.4 391
268.5 1032
268.8 2545
269.4 756
269.4 3305
269.6 2065
269.7 1298
270.1 3440
270.5 1920
270.5 2274
270.6 1024
270.7 2674
271 1517
271.9 1918
272.2 1031
272.4 1299
272.5 3441
272.8 540
272.8 1148
272.9 2060
273.2 1510
273.2 3041
273.5 3075
273.7 2280
273.9 2667
274.1 262
274.4 3307
274.9 2718
274.9 3313
275.2 2276
275.2 3032
275.4 3581
275.8 3310
275.9 2270
276 3584
276.2 383
276.7 539
276.7 1513
276.9 1302
277.2 750
277.3 1518
277.5 749
277.5 2673
277.6 3432
277.7 399
277.9 2821
278 270
278.7 3037
278.8 1914
278.8 3442
279.5 537
279.5 1029
279.5 2269
279.6 3799
280.2 2273
280.7 2275
281.6 269
281.6 3585
281.9 746
282.2 388
283.3 1154
284 545
284 1784
284.1 1905
284.1 2490
284.8 1023
284.8 2676
285.3 2826
285.4 2736
285.8 3588
286.1 1155
286.4 2062
286.5 1305
286.8 2549
286.8 3791
287 1917
287.1 3315
287.4 2548
287.4 2827
287.6 3798
287.7 3795
288.6 1146
288.9 271
288.9 3801
290.1 751
290.6 3314
290.8 543
290.9 3428
291 263
291.1 1160
291.4 754
291.4 1157
291.5 2067
291.6 1030
292.6 1027
293 1519
293 3582
293.3 2268
293.7 2679
294.1 3586
294.3 2666
294.3 3036
294.4 2553
294.5 1144
294.7 2279
294.9 541
295.2 268
295.3 1301
295.4 387
295.5 1303
295.7 2272
295.8 265
295.8 3035
296 1791
296 2059
297 2064
297.2 1025
297.3 2828
297.3 3033
297.7 2823
298.2 3803
298.5 2671
298.7 752
298.7 1936
300.7 1787
301 3431
301 3583
301.2 1151
301.6 503
301.6 2063
301.7 1919
301.8 542
302.2 29
302.2 264
302.5 2282
302.7 1520
302.8 753
303 2554
303 3312
303.4 3030
304 3031
304 3427
304.2 2406
304.3 1907
304.4 384
304.4 3587
304.6 1906
304.7 538
304.7 2271
305.3 1790
305.7 394
305.7 3034
305.8 1789
306 1152
306.4 1511
306.6 3758
306.8 1792
307.2 3443
307.3 747
307.4 1159
307.8 3438
308.2 2822
308.4 1910
308.4 2678
308.5 2680
308.6 3042
308.8 3308
309 2066
310.1 392
310.1 2670
310.3 386
310.4 2060
310.8 2552
312.7 537
312.9 2061
313.2 2546
313.3 3313
313.4 3029
314.4 396
314.8 3797
314.9 3040
315.4 3038
315.7 759
315.7 1514
315.8 1153
316.2 395
316.2 755
316.5 266
316.8 3036
317 1300
317.3 1515
317.3 2683
317.3 3802
317.5 3039
317.7 1149
317.7 1156
317.9 3429
318.1 1285
318.1 1304
318.4 1158
318.7 1916
318.7 2675
318.8 1905
319.6 2281
319.6 3306
321.3 1909
321.8 385
322.7 1509
322.8 400
322.9 3434
323.5 760
324.3 2825
324.4 2677
324.6 2824
324.7 1023
324.8 2277
325.1 1510
325.7 1029
325.9 3436
326.2 1912
326.3 2682
326.5 3430
326.7 538
326.7 1154
327.2 2828
327.3 1157
327.6 2672
327.8 1184
328 1918
328.1 1914
328.2 388
328.9 3311
329.5 267
329.5 1783
329.6 389
329.8 544
329.8 1917
329.9 265
329.9 2278
330.5 3796
330.6 1516
330.7 271
331.2 3793
331.5 3433
331.8 1150
331.8 1786
331.9 3800
332.2 3804
332.3 2063
332.3 3794
333.7 2551
333.8 2062
333.9 1032
334.2 261
334.4 2821
334.4 3437
334.5 3582
335.4 393
335.4 2667
335.6 749
335.9 3042
336.1 1911
336.6 756
336.8 1303
337.2 263
337.4 2820
337.5 2668
338 3790
338.1 383
338.1 2550
338.1 2669
338.3 1421
338.4 2826
338.7 3435
338.8 1785
339.7 2275
340 1165
340.2 1306
340.6 3310
341.2 2064
341.8 1520
342.4 1155
342.6 3440
343 3305
343.2 2276
343.3 1508
343.9 1791
344.1 3581
344.3 2392
344.4 3588
344.5 1028
344.6 1299
345.8 3583
346.3 398
346.4 1910
346.4 3801
346.5 268
346.6 2822
346.6 3312
346.8 1788
346.9 1147
347.2 754
347.6 3427
348.1 1915
348.2 3444
348.5 1027
348.8 540
348.8 757
349.8 2681
351.2 1161
351.6 1521
352.4 539
352.6 390
352.6 1151
352.7 2676
353 758
353 2065
353.4 2274
353.4 2547
353.6 3428
353.8 2271
354.7 3307
355 759
355.1 1148
355.8 2671
356 2067
356.2 1922
356.3 269
357 2279
357.1 1300
357.4 2544
357.6 2272
357.6 2545
357.6 2827
357.8 1145
357.9 2060
358.2 1301
358.2 2066
358.3 394
358.6 3032
359 748
359.2 1790
359.4 391
359.5 3031
359.5 3043
360.2 2680
360.3 3439
360.5 2551
361 542
361 2679
361.2 396
361.2 545
362.2 3584
362.5 1305
363.8 3037
363.9 2552
363.9 2674
363.9 3586
364.2 1302
364.3 3040
364.7 2282
365.1 1030
365.4 1514
365.6 1912
365.7 1787
365.8 1793
366.4 1144
366.6 384
366.6 1905
366.6 2670
367 3036
367.7 2061
367.9 2666
367.9 3313
368.2 3438
368.5 392
368.5 1920
368.6 1024
368.6 2673
368.7 2823
368.8 1145
369.2 3798
369.8 3314
370.3 750
370.3 1906
370.6 3589
371 753
371.1 264
371.2 1026
371.5 3436
372.2 3792
372.4 1303
372.7 2825
372.9 3308
373.2 2678
373.6 3432
374.2 1150
374.4 266
374.5 1784
374.5 3309
375.2 3033
375.5 3038
375.6 3035
375.8 3042
376 1512
376.1 1913
376.6 2546
376.8 1510
377.6 3443
377.7 3588
377.8 3431
378.2 3034
378.7 2675
379.2 2067
379.3 1153
379.4 3032
379.5 1789
379.9 1159
380 270
380.5 1031
380.7 755
380.9 3434
381 1298
381.3 3802
381.6 2269
381.8 538
382.1 3311
382.2 2677
382.4 1155
382.4 3796
382.9 387
382.9 1157
383 3797
383.1 1154
383.5 3442
383.6 1516
384.1 397
384.6 386
384.6 2273
385.5 3306
385.5 3803
385.9 1029
386.3 399
386.6 263
387.2 1148
387.4 1509
387.5 2059
388.5 1914
388.8 2060
389.4 2734
389.9 262
390.2 1023
390.6 1917
391 3041
391.5 751
391.5 2281
392.2 1517
392.3 2682
392.6 267
393.1 2699
394.1 1907
394.1 2820
394.7 754
394.8 1786
394.9 3427
394.9 3435
395.5 2034
395.8 2554
396.4 389
396.4 2553
396.5 1511
396.5 2821
396.9 2828
397.2 1507
397.2 3799
397.4 2280
397.5 1910
397.7 3585
398.2 3791
398.4 2568
398.5 1935
398.8 271
398.8 1508
398.8 2279
399.5 385
399.6 391
399.9 495
399.9 2667
400 1918
400 3031
400.1 1919
400.2 1690
400.9 749
401.7 268
402 3305
402.1 3440
402.5 1515
402.7 2549
403.1 1152
403.1 2020
403.5 2676
403.9 518
403.9 1908
404 2066
404.1 3582
404.5 3441
405.1 2268
405.2 747
405.2 2278
405.5 1681
405.6 486
405.9 1028
405.9 2064
406.4 2823
406.5 1025
406.5 3797
406.9 1030
407.1 3312
407.2 2679
407.2 3581
407.3 1302
407.3 3315
407.9 1909
408.1 544
408.4 2040
408.6 1791
409.6 1299
409.6 1785
409.7 3793
409.9 1158
410.2 3437
410.5 1911
410.8 537
410.9 1144
411 1305
411 1921
411.1 3030
411.3 270
411.3 2826
412 400
412 3584
412.4 2913
412.5 1306
412.6 388
412.7 1513
413.6 3029
413.8 2275
413.8 3800
414.2 3433
414.4 394
414.5 1790
414.5 3036
414.6 1153
414.6 1520
414.8 454
415.2 395
415.6 2277
415.9 3801
416.1 543
416.2 1161
416.2 3444
416.5 2552
416.8 3790
417.7 1024
417.9 1156
418 3037
418.4 3431
418.5 3439
418.9 538
419.2 2825
419.8 396
420.3 2669
420.6 2547
420.7 757
420.8 3307
421 2670
421.4 2065
421.5 1510
421.5 1916
421.9 2548
422.1 2678
422.1 3040
422.6 3309
423 1145
423.1 1022
423.3 1783
423.4 2677
424.4 2063
424.7 392
424.7 1026
425 753
425 3438
425.6 2282
425.9 2550
426.1 1519
426.6 1905
426.7 1518
427.3 1032
427.7 759
428.8 387
428.9 1298
428.9 2272
429.2 2696
429.8 1300
430 545
430 2060
430.2 2626
430.4 261
430.4 3039
430.7 1151
430.7 3588
430.8 2822
430.9 541
431.2 1793
431.3 760
431.4 2271
431.7 383
432 3552
432.1 3440
432.4 1155
432.9 3432
432.9 3804
433 1027
433.3 1160
433.7 3313
433.8 2280
434.9 3033
435.2 3038
435.3 1515
435.6 3032
436 3794
436.1 1914
436.3 3798
436.6 2827
437.1 262
438 540
438.2 2689
439.5 1529
440 1906
440.3 1789
440.3 3436
440.5 266
440.5 1516
440.5 3583
440.6 2274
441 2675
441.1 1301
441.1 3587
441.4 1149
442.2 3041
442.3 3428
442.5 3434
442.6 2828
442.8 2061
443.5 2551
443.5 2681
443.5 3581
443.8 746
443.9 3455
444.3 3795
444.9 1152
445.2 3035
445.4 537
445.5 1023
445.5 1299
445.8 2671
445.8 2694
446.1 1028
446.3 1922
446.4 1511
446.5 750
446.6 3314
446.7 42
446.9 1154
447.3 3589
447.4 754
447.4 1146
447.6 2797
448.6 267
449 386
449.2 2577
449.4 384
449.4 393
450.2 2545
450.4 542
450.6 3430
451.2 400
451.5 3437
451.8 269
452.1 1144
452.1 3450
452.3 2825
452.4 2672
452.9 1918
453 2680
453.3 3307
453.4 1031
453.4 2668
453.5 749
454 1734
454.4 2741
454.9 1512
455.5 2731
455.6 1148
455.9 3443
456.5 390
456.5 1158
456.7 1508
456.9 758
456.9 2821
457 2666
457.1 539
457.1 2275
457.1 3796
457.2 1157
458.1 2824
458.2 2270
458.3 3792
459 3427
459.2 2553
459.5 1915
459.6 1507
459.9 1917
460.4 1025
460.5 3029
460.7 3435
460.8 2059
460.9 3586
461.1 1920
461.4 1949
461.8 1936
461.8 2757
461.8 3429
462.8 2802
462.9 268
463 3577
463.2 1912
463.2 2673
463.4 1303
463.4 2278
463.6 2043
463.6 2667
463.7 1520
463.8 757
463.8 1784
463.8 2546
464 2268
464.2 394
464.4 3791
464.9 1030
465 3588
466 2067
466.6 1029
466.6 2822
466.7 1938
466.7 2932
466.9 2823
467.3 1024
467.4 1932
467.5 2677
467.5 3308
467.6 759
467.6 3309
468 383
468.1 3803
468.8 3315
468.9 753
469.2 544
470 389
470 1905
470 3312
470.4 2179
470.6 1910
471.1 1150
471.2 1783
471.3 2670
471.9 1818
472.3 1916
472.7 1517
473.8 3433
473.9 2066
474.3 2272
474.4 1156
474.9 543
475.2 1514
475.3 2279
475.4 388
475.8 751
476.4 392
476.4 2064
476.5 2687
477.5 3306
477.6 1921
477.9 1267
478.1 2702
478.2 1790
478.7 3440
479 2547
479 3582
479.1 1913
479.2 1153
479.5 3036
479.6 2695
479.8 1305
479.9 2676
479.9 3431
480.1 2674
480.5 2682
480.7 3793
480.9 752
480.9 1788
481 542
481 3797
481.1 537
481.6 1926
482.5 2679
482.9 3310
483.2 3438
483.9 263
484.1 1159
484.2 2820
484.3 1516
484.6 2271
484.7 2552
485 1300
485.1 399
485.4 2269
485.5 3798
485.6 1147
485.9 3444
486.3 1032
486.5 1792
486.9 1247
486.9 3795
487 2826
487 3034
487 3042
487.2 1785
487.8 3040
488 1908
488.5 2714
488.6 385
488.7 3799
488.8 414
488.8 755
488.9 1931
489 264
489.1 1909
489.2 3033
489.7 1304
489.9 2692
489.9 3584
490.2 3031
490.5 398
490.9 2065
491 1023
491.1 2553
491.4 1306
491.7 2549
491.8 397
491.8 2828
491.9 2827
492.8 2433
492.8 2669
492.9 3583
493.3 757
493.6 1022
494.5 538
494.8 2666
494.8 3589
495.1 2062
495.3 756
495.5 1787
495.5 3436
495.8 2280
496.5 1151
496.8 1027
497 747
497 3311
497.2 760
497.4 1911
497.4 1914
497.5 1298
497.8 1791
497.8 1910
498.5 1509
498.6 2675
498.8 1302
499 1145
499.4 1944
499.5 393
499.8 2551
500 391
500 2705
500 3470
500.3 1821
500.3 2678
500.3 3151
501.1 1919
501.5 269
501.6 1933
501.6 2060
501.6 3039
501.7 271
501.8 2277
502 1152
502 1510
502.4 2550
502.6 1161
503.6 2061
504 396
504.1 545
504.3 1511
504.4 3439
504.6 3037
504.7 2683
504.8 1144
505 1789
505.1 1406
505.2 2275
505.4 1025
505.5 1408
506 2064
506.1 1915
506.2 15
506.3 1920
506.4 1786
506.6 3362
506.7 400
506.8 268
507 1513
507 2066
507.1 3435
507.3 3801
507.5 1148
507.9 3038
508.1 1906
508.3 262
508.6 2677
508.9 2575
509.2 1155
509.3 2063
509.5 539
509.6 3313
509.7 2276
509.8 543
510.1 261
510.3 266
510.4 3797
510.8 749
510.9 2554
511.4 1026
511.8 3586
512 1899
512.4 1793
512.5 1518
512.5 1783
512.7 750
512.7 1519
512.8 3800
512.9 1784
513.4 3405
514.2 2274
514.5 463
514.5 544
514.5 1030
514.6 3434
514.8 394
514.8 2270
515.4 1303
515.6 2823
516 2670
516.1 3388
516.2 2667
516.5 2548
516.5 3802
516.7 3588
516.8 3581
517 3032
517.3 396
517.3 1922
518.2 1183
518.7 1179
518.8 1171
518.8 3447
519.2 1912
519.9 3030
520 3790
520.1 1301
520.1 2825
520.3 3558
521.1 1185
521.2 1157
521.7 3507
521.9 1299
522 1169
522 3534
522.2 1508
522.3 3432
522.4 2544
522.9 1181
524.1 1029
524.5 751
524.5 1515
524.6 1109
525.1 390
525.5 757
525.7 2681
525.8 754
526 1907
526.4 1024
526.6 2763
526.6 3431
527.6 2703
527.8 2273
528.1 759
528.1 3031
528.7 3794
529.1 1172
529.1 2067
529.1 3427
529.3 2272
529.4 1305
529.5 3571
529.9 387
529.9 2282
530.9 2807
531 395
531 1909
531.4 1159
531.4 3799
531.7 750
531.7 3587
531.8 3305
532.2 267
532.4 2674
532.6 3309
532.8 388
532.9 1166
533.1 1516
533.1 3471
533.7 2697
534 1156
534.2 3436
534.3 1507
534.3 1918
534.4 2824
534.6 540
535 2827
535.4 1144
535.7 3804
535.9 1304
536.1 541
536.1 2676
537.2 1511
537.6 3793
537.7 758
537.7 3430
537.9 1153
537.9 2269
537.9 3730
538.1 1028
538.1 1791
538.7 1157
538.8 2546
538.9 1174
539.2 1149
539.3 1907
539.4 2545
539.5 2679
539.6 2554
539.7 1927
539.8 2271
539.8 3035
539.9 1022
540.1 3036
540.8 1180
540.9 1145
541 1162
541.1 3428
541.3 265
541.4 384
541.4 1913
541.5 2820
541.6 1793
541.7 2706
541.8 2551
542 1150
542.2 2709
542.3 270
542.4 1790
542.5 3314
542.7 2552
542.8 3589
543.1 3444
543.3 2671
543.3 2822
543.4 1306
544.1 3308
544.3 264
544.3 1032
544.4 748
545 3437
545.1 263
545.3 2673
545.4 1919
545.7 3073
546.2 2672
546.9 1521
546.9 2952
547 1857
547.3 3801
547.3 3803
547.4 749
547.6 753
547.6 1917
548.2 2666
548.3 542
548.9 1158
548.9 2268
549 1942
549.1 2062
549.6 3585
549.7 1178
549.7 2670
550.2 1785
550.9 1148
551 2675
551.4 391
551.7 1517
551.7 3798
551.8 3029
551.9 2025
552.1 752
552.7 1905
552.8 400
553.1 2059
553.2 2066
553.3 2065
554.7 1914
554.7 3474
555.7 1792
556.1 3315
556.3 3791
556.4 3429
556.6 3438
556.7 2279
557.1 3794
557.2 539
557.6 2680
557.8 3040
557.9 2064
558 545
558.4 3440
558.5 2275
558.5 3587
558.7 1908
558.9 2733
559 1608
559.3 261
559.5 2681
559.7 2281
560.7 3307
560.8 2699
560.9 1300
561 1161
561.1 392
561.5 2553
562 394
562 1155
562.3 267
562.5 386
562.5 1510
562.6 3582
563.1 747
563.1 3439
563.3 1514
563.5 1254
563.9 754
564.2 755
564.8 1520
564.9 2821
565 1023
565 3433
565.2 269
565.3 2826
566.2 538
566.2 1511
566.5 1298
567.1 389
567.5 1030
567.8 3030
568.8 3042
568.9 3442
569.3 2019
569.4 3310
569.6 262
569.7 2968
569.7 3584
569.9 3043
570.1 1147
570.3 1783
570.8 2061
571 537
571.3 1915
571.5 1160
571.5 2690
571.9 3034
572 3434
572.9 2043
573 399
573.3 3312
574.2 3586
574.3 1786
574.5 2270
575.2 2201
575.6 3588
575.9 2550
576 2545
576.2 2046
576.3 3033
577.1 1305
577.5 1212
577.7 1787
577.8 268
578 3432
578.2 2677
578.6 2676
578.8 2683
579 387
579.5 759
579.7 2375
579.7 3793
580 3795
580.3 2825
580.6 1909
580.6 3427
581 3041
581.3 393
581.3 1791
581.4 3306
581.5 1157
581.6 2578
581.8 2549
582 3581
582.1 388
582.2 2827
582.4 398
582.4 2281
582.6 1905
582.8 3799
582.9 3313
583 1784
583.2 1299
583.3 411
583.4 2278
583.4 2668
583.5 1916
583.7 3431
583.9 750
583.9 3441
584 266
584.3 1154
584.6 3804
584.7 3797
584.9 2794
585.7 2669
586.4 1921
586.6 1304
586.8 3437
587 383
587.5 1028
587.6 396
588.2 545
588.2 1151
588.3 2547
588.7 1513
588.7 1911
588.9 1508
589.1 3583
589.6 3443
589.9 1303
589.9 2671
590.1 2675
590.3 3430
591 1152
591.5 1910
591.6 1906
591.6 3309
591.8 1031
591.8 2282
591.9 1509
592.7 1918
592.7 3036
592.7 3315
593.1 2789
593.6 2067
593.7 753
594.3 2682
594.8 2828
594.9 271
594.9 757
594.9 3802
595.4 1516
595.4 1518
596 1301
596.1 397
596.4 3311
596.8 2276
597.5 2280
597.5 2672
597.7 264
597.9 2060
598.1 1302
598.3 1517
598.9 384
599.2 3489
599.4 3790
599.5 749
599.5 2667
599.5 3428
600.1 1510
600.3 544
600.3 1144
601.1 3042
601.4 2670
601.5 543
601.6 751
601.6 1024
601.6 2272
601.7 1785
602.2 265
602.4 2066
603.2 2552
603.3 1790
603.9 746
603.9 1153
604.2 2059
604.6 2063
605 1032
605.3 2674
605.6 1515
606.1 1519
606.4 541
606.4 3312
606.5 400
606.5 2062
606.6 542
606.8 2271
607.1 2277
607.2 1026
608.1 3307
608.3 3305
608.7 1788
608.8 1511
609 1156
609 3586
609.6 3798
609.8 1029
610.1 390
610.1 1149
610.1 2821
610.1 3536
610.3 3585
611.2 1793
611.6 1920
612 3589
612.1 2822
612.4 3031
613.1 1025
614.3 1306
614.7 538
615.1 385
615.1 3308
615.8 750
615.8 2823
616 2544
616.2 3803
616.6 2551
617.2 1146
617.6 1151
617.8 1300
618 1922
618.2 3040
618.2 3433
618.3 3791
618.5 3582
618.9 269
619.4 1027
619.6 3030
619.9 270
620.1 1917
620.2 3584
620.4 268
620.4 3438
620.5 2666
620.9 3794
621.2 2678
621.3 540
621.4 760
621.4 1507
621.4 2554
622.1 391
622.6 3043
623 3654
624.3 537
624.4 2279
624.7 2826
625.1 389
625.4 758
625.4 3038
625.8 3032
625.8 3444
626.3 392
626.7 2677
626.7 2820
627 1159
627.4 1148
627.8 1161
628.1 393
628.2 2275
628.7 2679
628.9 1786
628.9 2282
629.1 2274
629.7 394
629.7 1029
629.8 261
629.9 1303
630.1 2035
630.3 2673
630.4 3435
630.5 396
630.6 3441
630.7 3442
630.8 1030
631.1 1789
631.5 1305
631.8 2827
632 2065
632.1 2060
632.8 2719
632.9 1914
633.2 386
633.3 1915
633.8 3427
634.2 3797
634.3 395
635.3 1514
635.5 3431
635.8 757
636.5 3434
637.7 262
637.7 1913
637.7 2824
637.7 3039
637.8 1155
639.2 2546
639.4 1298
639.7 1150
639.8 1791
639.8 3432
639.9 1912
640.2 3459
640.4 2214
640.7 3436
641.3 397
641.3 1518
641.4 1154
641.5 1512
641.6 1918
641.9 3795
642.3 387
642.4 749
642.7 1910
642.7 3035
643 264
643.1 2672
643.2 538
643.4 2273
643.5 2545
643.7 3033
643.7 3447
643.8 2268
644 756
644.1 3314
644.4 1909
644.4 2064
644.6 1023
644.8 1145
644.9 3796
645.1 2681
645.4 383
646.1 2547
646.3 752
647.1 263
647.1 1157
647.8 3041
647.9 3587
648 388
648.5 3440
648.8 2548
648.9 1907
649.1 3430
650.1 2675
650.2 3581
650.7 3428
651 2667
651.5 2550
651.5 3306
651.7 3799
652.3 746
652.4 3801
652.8 267
653 1540
653.4 2061
653.9 1024
654.2 1022
654.2 3036
654.5 2552
656 1299
656.2 2676
656.5 1792
656.5 3315
656.6 3437
656.6 3793
657.4 544
657.4 3305
658 271
659.3 2671
659.4 384
659.4 389
659.4 390
659.4 3307
659.9 1920
660 2668
660 3311
660.1 1911
660.8 268
660.9 3031
660.9 3439
661.2 1783
661.2 2280
661.4 2821
661.7 3804
662.2 3583
662.7 1908
663 3312
663.1 2672
663.3 542
663.4 399
663.5 1152
663.8 3313
663.9 541
664 1520
664 2553
664 3433
664.3 1516
664.9 1300
665.1 2782
665.8 1031
665.9 3800
666.1 1302
666.1 2067
666.2 1156
666.3 3586
666.6 1148
666.7 393
666.9 2666
667.4 760
667.4 2680
667.4 3803
667.8 1305
668.1 755
668.5 1784
668.9 539
668.9 1509
669.7 2278
669.8 1785
669.9 1149
670 2066
670.1 2551
670.1 2673
670.3 3034
670.4 759
670.6 1515
670.6 2270
671.9 543
672 1916
672.4 754
672.4 1028
672.4 2272
673 1151
673.3 3037
673.4 1303
673.6 968
674 3588
674.1 3030
674.2 3038
674.5 383
674.6 1787
674.7 1511
675 1027
675.2 3438
675.8 3794
676.1 537
676.2 266
676.4 1909
677.1 869
677.1 3790
677.2 1026
677.3 1161
677.7 394
677.9 1025
678.1 1915
678.2 2825
678.2 3029
678.3 1153
678.4 757
678.5 1718
678.5 1919
678.6 3033
678.8 385
678.8 2018
678.9 1790
679.3 2732
679.4 398
680.9 3798
681.5 3442
682 2677
682.7 386
682.7 2269
682.7 3582
683.2 1510
683.9 1906
684.5 2282
684.6 2546
685 3431
685.1 430
685.1 3436
685.6 1791
685.9 3432
686.1 1155
686.1 2271
686.3 2675
687 74
687.2 1521
687.4 2281
687.8 3308
688 269
688 751
688.3 1921
688.6 2063
688.8 1517
689.2 2062
689.8 750
689.8 1508
690 3042
690.1 3792
690.4 2066
690.4 3311
691.3 1144
691.6 2824
691.8 1914
691.9 270
692 2804
692 3437
692.1 2828
692.3 2822
692.5 3585
692.9 538
693 1789
693.2 1905
693.2 2064
693.8 1029
693.8 3310
694 2277
694.6 1304
694.9 3314
695.4 1907
695.4 1912
695.6 1145
696 1514
696 1519
696 3427
696.4 544
696.4 1301
696.5 2674
696.7 1032
696.8 1147
696.8 1910
696.8 2059
696.9 2683
697.5 758
697.5 3043
697.6 2678
697.7 1030
697.9 424
697.9 748
698.1 1918
698.2 1987
698.6 2554
698.9 2276
699.2 3587
699.9 3429
700.1 1163
700.4 3309
701.4 267
702.2 1023
702.3 395
702.7 392
702.8 387
702.8 753
702.8 1520
703 265
703 1922
703 3434
703.1 3453
703.3 1306
703.6 755
703.7 3313
703.8 2820
703.9 3443
704.4 3589
704.7 747
704.7 3039
705.2 2279
705.6 3040
706.3 1786
706.9 1305
707 1513
707 3799
707.6 3307
707.7 3430
707.9 1146
708.2 388
708.2 3032
708.3 2670
708.8 3583
709.4 539
709.6 3803
709.8 749
709.8 2275
709.9 2550
710.1 396
710.1 1793
710.4 2682
710.7 3802
711 2823
711.5 3435
711.9 2274
712 1150
712.3 264
712.8 542
712.8 1927
712.8 3444
712.8 3446
712.9 3791
713.1 540
713.3 2827
713.7 1518
713.8 1511
714.2 3797
715.4 3586
717 3584
717.4 1157
718.3 2060
719.5 3041
719.6 2679
719.8 1516
720.6 3800
720.7 1788
721.1 3793
721.9 1152
722.5 2672
722.6 1910
722.6 2061
722.7 545
722.8 1024
722.8 3801
722.9 2825
723.2 1507
724 1508
724 1914
724.4 1155
724.4 3033
724.7 1905
724.7 2549
724.8 2551
724.9 1923
725 2547
725.1 2545
725.3 1298
725.5 759
725.6 2405
725.6 2681
725.7 1917
725.9 3441
726 1022
726.1 2688
726.2 393
726.8 1913
726.8 3581
727.1 1159
727.6 1145
728.7 1030
728.7 3588
729 262
729 1154
729.1 2552
729.1 2821
729.5 3035
729.7 3442
729.8 2826
730 1300
730.1 1791
730.6 3031
731 1299
731.7 1158
732.1 3315
732.3 1911
733.2 1148
733.3 2273
733.3 3037
733.4 537
733.4 2003
733.6 2667
733.8 461
733.9 1510
734.1 2067
734.1 3440
734.3 398
734.6 3433
734.7 2676
734.8 2268
734.9 400
735.5 754
735.6 2065
735.7 2221
736.1 2669
736.6 2280
736.7 1303
737 2666
737.1 3310
737.3 391
737.4 1783
737.6 269
738 3795
738.1 2269
738.2 2675
738.3 3431
738.4 3312
738.4 3582
738.8 395
739.3 268
739.4 2271
739.7 1915
739.9 390
739.9 3428
740 2279
740.2 1790
740.5 3798
741.2 38
741.4 394
742 383
743.8 93
743.8 752
743.9 2673
744 2270
744.2 384
744.5 3790
744.7 753
745.1 3036
745.3 2670
745.6 3794
746.2 2671
746.4 2668
746.8 1025
747 1514
747.3 757
747.6 2548
747.8 2277
748 543
748.3 2680
749.2 1156
749.2 1509
749.3 1190
749.4 1521
749.4 2549
749.6 3437
749.7 3032
750.3 746
750.5 2823
750.6 1301
750.6 1784
750.6 1787
750.6 1916
750.8 2677
751 2064
751.1 756
751.2 2544
751.3 1304
751.4 1942
751.8 3040
752.3 1511
752.4 1797
752.5 399
752.8 1028
752.9 1918
753.4 2275
753.8 1785
753.9 2553
754 1906
754.4 3308
754.5 3311
755 271
755.1 2554
755.4 544
755.6 388
755.7 3429
756.2 3182
756.3 2674
756.7 265
756.8 2828
757.1 263
757.2 1513
757.2 3030
757.4 1298
757.6 1151
757.7 1150
757.9 3438
758 1161
758.1 3042
758.4 1144
758.5 2060
759.3 3436
760.8 1792
761 3444
761.5 387
762 3029
762.1 2825
762.1 3306
762.2 2679
762.5 1149
763.3 1517
763.5 2278
763.6 3799
763.8 1094
763.9 396
764.1 3427
764.6 3792
764.8 1512
764.8 3796
765 541
765 2059
765.6 1912
765.9 1032
766 3439
766.2 1518
767.5 1305
767.6 538
767.7 1907
767.7 1921
767.9 1031
768.3 1183
768.5 1153
768.9 542
769.4 1148
769.5 3797
770.2 3434
770.3 2272
770.4 3033
770.8 1917
770.8 2552
771.1 540
771.1 749
771.1 3791
771.4 918
771.5 1299
771.9 2822
772.2 1789
773.3 2821
774.3 3314
774.9 1908
775.2 760
775.4 2282
775.4 3581
775.6 750
775.8 1172
775.9 1155
775.9 1519
776.2 539
776.3 2063
776.6 1157
776.6 2824
776.8 3313
776.9 3793
777.1 1306
777.8 1786
777.9 1790
777.9 3803
778 410
778 2820
778.3 2066
778.5 3804
778.8 1027
779.1 2281
779.5 2546
780.2 386
780.6 392
781.5 1658
781.5 2683
781.6 3433
782.3 2268
782.7 3043
782.9 3800
783.4 1147
783.6 3435
784 1026
784 2675
784.5 1300
784.5 3307
784.6 264
784.7 1154
784.9 3584
785 1793
785.1 3315
785.3 1785
785.7 545
785.7 2061
786.3 2547
786.4 1303
786.5 2551
786.5 3794
786.8 3515
787 2827
787.1 1023
787.6 393
788 389
788.1 1520
788.2 2271
788.2 3589
788.3 420
788.4 759
788.7 2553
788.9 900
788.9 1214
789 1915
789.1 1783
789.4 417
789.7 394
790.1 2667
790.1 3039
790.2 3588
790.5 2678
790.7 262
791 3582
791.1 269
791.1 2550
791.3 2671
791.5 2269
791.6 3428
791.7 2669
792 2616
792.3 1029
792.3 1905
792.7 3440
792.9 1914
793.3 748
793.6 3313
794.3 2676
794.5 270
795.1 3438
795.4 1791
795.4 3585
795.5 3431
795.6 1145
795.8 2673
796 1906
796.3 3441
796.6 758
796.8 3036
797 3586
797.4 1909
797.5 399
797.7 1515
798.4 1028
798.4 2554
798.5 1160
798.8 1918
798.8 2486
798.8 3305
798.9 2067
799 97
799 1156
799.8 1507
799.8 3041
799.9 400
800.1 752
800.5 2272
800.5 3583
800.7 2670
801.1 1149
801.2 1024
801.5 747
801.7 1159
802 2545
802.1 3312
802.4 2666
802.4 3430
802.5 2274
802.6 1910
802.6 3310
802.9 391
803 3309
803.6 396
803.6 3035
804.5 383
805 397
805.2 3031
805.5 543
805.8 2548
805.8 2736
806 1152
806.5 751
806.7 2064
807.5 1153
807.5 2060
808.3 750
808.4 3306
808.4 3444
809 1920
809.1 263
809.8 3798
809.9 2061
810.1 2059
810.1 2568
810.4 2677
810.6 2807
810.7 544
811.3 3790
811.4 3587
811.5 1022
811.6 2279
811.7 1304
811.9 265
813 1272
813.2 267
813.2 3437
813.4 1521
814 753
814.5 1025
814.6 271
814.7 3033
814.9 1784
815 2822
815.3 1913
815.4 2066
815.5 1514
815.8 390
815.8 754
816.4 1032
816.6 2275
817.2 3478
817.3 930
817.6 268
818.5 3797
818.9 1030
819.1 1922
819.4 1788
819.4 1793
819.9 757
820.1 1151
820.8 1302
821.2 544
821.6 1144
821.7 2668
821.8 2544
822.7 1919
823 1911
823.2 3442
823.3 2062
823.4 1161
823.7 3427
824 3040
824.1 537
824.2 2674
824.4 3796
824.4 3801
824.8 3434
825 1518
825.1 759
825.1 1510
825.5 1511
825.5 2825
825.9 1916
826.1 538
826.2 395
826.4 385
827.7 1513
828 2681
828.2 387
828.6 2551
828.6 2672
828.6 3482
829.2 483
829.5 394
829.5 1303
829.5 1785
829.5 2823
829.9 3311
830 261
830.1 1023
830.1 2679
830.7 1155
830.7 1791
830.9 3032
831.2 3308
831.6 1306
831.8 1298
831.8 3037
831.9 755
832 1305
832.9 3588
833 3431
833.1 393
833.2 3436
833.4 463
833.4 1508
834.5 270
835.4 1030
835.4 2547
835.6 398
835.8 2670
836 2270
836.2 756
836.2 2552
836.4 1789
836.5 384
837 3565
837.7 1908
837.8 1301
837.8 2277
837.9 3582
838 3795
838.4 1935
838.4 3589
838.9 542
838.9 1516
839.5 2549
840.4 2065
840.4 2827
840.4 3432
840.6 3800
840.8 3792
840.9 539
841.7 1905
841.7 3443
841.9 2680
842.6 3029
842.9 3439
843.4 3803
843.9 2275
844 1509
844.4 749
844.6 3802
844.7 1150
844.9 1029
844.9 3031
845.1 1915
845.3 1158
845.4 1148
845.6 3793
845.8 1912
846.2 3519
846.6 1517
846.8 2281
847.2 266
847.2 2276
847.7 449
847.9 490
848.3 2826
848.9 2794
849 3441
849.1 3799
849.4 2063
849.6 1918
849.7 269
849.9 1579
849.9 1790
849.9 2675
850 2666
850.1 2820
850.3 2271
850.4 545
850.8 3551
851 2828
851.2 2682
852.2 399
852.3 389
852.6 2677
852.7 386
852.7 2683
852.9 3042
853.5 2807
853.7 1300
853.7 1906
853.9 1921
854 263
854.2 540
854.2 1909
854.2 2067
854.6 760
855.1 1929
856.5 2550
856.6 1146
857.1 750
857.1 2797
857.3 400
857.4 1157
857.5 3307
857.7 3553
857.7 3585
858.1 746
858.2 3395
858.4 3794
858.5 1786
858.8 545
859 3573
859 3798
859.3 3036
859.6 3038
859.8 1156
860.1 2059
860.2 3429
860.3 1298
860.3 3196
860.4 2546
860.5 3584
860.9 267
860.9 392
860.9 751
860.9 3466
861.5 1511
861.5 3043
861.5 3437
861.7 3804
861.9 754
862.4 457
862.4 1299
863.5 394
863.8 2822
863.9 1159
863.9 1515
863.9 2821
863.9 3793
864 3440
864.3 1022
864.3 3583
864.9 396
865.4 835
865.5 1783
865.7 3312
866.1 3737
866.5 3315
866.6 2282
866.9 2667
867.6 1154
867.7 1188
867.8 2272
868.2 1024
868.4 1914
868.8 388
868.8 1028
868.8 3310
869 3581
869.2 3476
869.8 2554
869.9 3547
869.9 3582
870 383
870.1 2823
870.3 3389
870.3 3430
870.5 264
871 3486
871.6 1514
871.7 2552
872.5 2676
873.5 3586
873.7 3695
873.8 261
874.2 1304
874.3 748
874.5 543
874.5 747
875 2060
875.7 411
875.8 2280
875.8 3039
875.8 3588
875.9 3309
876 2671
876.3 2672
876.8 3428
877.3 3444
878.1 3305
878.7 387
878.7 1520
878.7 3589
879 390
879.2 1518
879.4 2279
879.7 752
879.8 1517
879.9 1917
880 1149
880.3 2824
880.6 1144
880.8 3436
881.4 2062
881.5 2067
881.6 538
881.6 3794
881.7 1919
881.7 3377
881.9 3689
882 1153
882.2 270
882.3 1789
882.4 1031
882.7 1791
882.8 3033
882.9 1915
883.1 3431
883.3 3743
883.4 542
883.6 2271
883.8 1155
884 753
884 3587
885 3040
885.2 2268
885.5 262
885.5 2669
885.6 1911
886.3 268
886.4 1152
886.6 3311
887 3791
887.2 2277
887.7 1785
887.8 1167
887.8 2666
888 2825
888.2 1788
888.2 3609
888.2 3792
888.5 2683
888.6 1032
890.6 3035
891.2 3313
891.3 2827
892.2 1912
892.3 544
892.4 749
892.4 2061
892.5 3447
893.1 1792
893.5 503
893.7 2677
893.8 2033
894 1146
894.1 2673
894.2 1303
894.3 1910
894.5 1907
894.8 3030
895.2 1030
895.8 1027
895.9 3469
896.3 1916
896.4 537
896.6 1157
896.6 2064
896.8 3454
897.4 2270
897.5 2551
897.5 3438
897.9 2681
898 2063
898.1 3427
898.5 3435
898.5 3437
898.6 2014
898.6 2670
898.8 2549
899.3 3388
899.5 398
899.5 3032
900.1 1148
900.3 1784
900.3 3041
900.3 3312
900.4 1305
900.7 1787
900.7 2066
901 1025
901.1 2275
901.2 1918
901.4 3452
901.5 3802
901.8 2679
902.2 1508
902.2 3474
902.3 1230
902.4 1510
902.6 3798
903.4 2606
903.8 2694
903.8 3307
903.8 3799
904.1 758
904.1 1300
904.3 391
904.4 1922
904.5 756
904.5 3803
904.8 395
904.8 1518
905.1 383
905.2 760
905.7 1023
905.8 385
905.8 1239
905.9 755
906.1 2674
906.1 3037
906.3 654
906.5 2278
907.5 2546
907.7 3795
907.8 2554
907.8 3797
908.2 2728
908.7 1790
909 539
909.4 384
909.4 1301
909.4 3433
909.5 1184
909.7 3315
909.9 3800
910.2 3308
910.4 3450
910.8 2018
910.9 1514
911.1 3585
911.2 750
911.7 388
912 3464
912.1 392
912.2 2820
913 1926
913.8 269
913.8 3031
914 3434
914.2 267
914.6 2821
915.1 2019
915.3 2675
915.9 2822
916 2808
916 3475
916.1 1302
916.1 1786
916.2 1428
916.2 2545
916.5 2269
917.2 1793
917.3 1299
917.3 1920
917.3 2065
917.3 2804
917.6 757
917.6 2276
917.7 2031
917.8 1909
917.9 759
918.4 2272
918.6 1151
918.7 1193
919.1 2671
919.3 540
920 266
920.2 1905
920.4 2678
920.6 2547
920.6 3314
920.7 2060
920.8 263
921.1 1921
922.4 1159
922.5 1177
922.6 3440
922.7 1785
923.1 1914
923.1 2172
923.1 2699
923.4 264
923.4 2668
923.7 389
924.1 1906
924.1 2281
924.4 1187
924.7 1512
925.1 1507
925.5 3313
925.6 3029
925.6 3801
925.7 3793
926.2 749
926.3 1178
926.5 1170
926.6 427
926.6 3582
926.7 387
926.8 1303
926.9 1022
927.2 1149
927.2 1166
927.3 396
927.4 3038
927.7 1160
928.4 2552
929.1 397
929.6 541
929.8 1932
930.3 3040
930.4 3794
930.6 1155
930.6 1169
930.6 2826
930.7 1158
931.1 1519
931.2 1029
931.5 400
932 1065
932.1 2666
932.3 1156
932.5 545
932.5 3790
932.6 1032
932.8 1937
933.3 3430
933.4 393
933.4 3586
933.6 1024
933.7 1915
933.8 3431
934.2 1026
934.6 265
934.6 1080
934.8 1791
934.9 1788
934.9 3581
934.9 3588
935.1 1511
935.1 3306
935.3 1031
935.3 2676
935.5 1919
935.6 2544
935.7 422
936.2 2682
936.5 2770
937 1144
937 2279
937.1 3042
937.4 2823
937.5 1150
937.6 1147
937.6 1515
937.7 2275
938.1 2828
938.4 1913
939.4 1425
940.3 266
940.8 3034
941.9 2548
943.4 753
943.4 2282
943.8 2680
944.4 1514
944.5 2066
944.8 1306
944.8 2667
945 542
945 2273
945.2 2064
945.7 1911
945.7 3439
945.9 2674
946.3 3441
946.6 3584
946.9 2059
946.9 2550
947 2281
947.1 1180
947.9 1165
947.9 3435
948.4 3043
948.5 271
948.7 1790
948.8 2827
948.8 3305
948.9 2061
949.2 2280
949.5 1508
950.3 1145
951 384
951.2 2551
951.3 1028
951.4 3432
951.9 3039
952.5 3589
952.9 3308
953 2672
953.8 1941
953.8 2549
953.9 1908
954 752
954.2 1161
954.6 3033
955.2 268
955.4 2825
955.6 746
956.3 2067
956.5 2678
956.7 680
956.7 3793
957.2 538
957.3 2271
957.5 263
958 393
958.1 3428
959 3797
959.6 1910
959.6 3583
960.1 754
960.2 1151
960.9 2670
961.3 3307
961.4 2822
962 1305
962.2 269
962.2 751
962.3 1516
962.7 390
962.8 749
963.1 537
964 1918
964.1 1909
964.5 2268
964.8 2277
964.8 3427
964.9 394
965 543
965.3 1792
965.6 3582
965.7 1153
965.9 2824
966 1182
966 2553
966 3105
966.3 2270
966.4 3444
966.5 3311
967.1 2107
967.4 2675
967.9 1154
968 3803
968.1 2546
968.5 2821
968.5 3442
968.5 3791
968.6 3795
968.9 2554
969.5 1030
969.5 3042
969.5 3436
969.6 1298
969.7 2047
969.7 3796
969.8 3036
970 1157
970.5 2693
970.7 2064
971.1 1510
971.4 391
971.6 1148
972 3433
972.3 3312
973 3437
973.1 3804
973.2 261
973.2 3438
973.7 2677
973.7 3801
974.1 2679
974.5 1784
974.6 1785
974.9 755
974.9 2683
975 267
975.2 1930
975.3 400
975.3 1517
975.6 397
975.6 1300
975.9 757
976 1509
976.8 1791
976.8 3443
976.9 383
977.2 3440
977.3 1152
977.3 1513
977.4 2060
977.5 3798
977.6 3514
977.9 3032
978.2 747
978.3 388
978.4 1837
978.7 2552
979.1 1029
979.2 3431
979.4 3434
979.5 1155
979.7 759
979.8 2279
980.8 3581
980.9 1789
981.8 2544
982.2 2013
982.4 1515
983.2 3585
983.4 3310
983.6 1783
983.8 1304
983.9 1788
984.2 3313
984.4 392
984.7 1875
985 1301
986.1 264
986.7 1911
986.9 2820
986.9 3428
987.2 1927
987.4 1922
987.5 539
987.6 1729
987.9 2671
988.2 2679
988.2 3030
988.4 2673
988.7 2275
988.7 3315
989.1 1171
989.7 1149
989.8 1917
990.1 1787
990.4 2066
991.1 3586
991.2 386
991.2 1969
991.3 3037
992.4 1160
992.5 754
992.6 1907
992.7 2551
992.8 1510
992.9 544
992.9 1158
994 3794
995.1 1905
995.2 1521
995.3 1303
995.4 750
995.4 3588
995.5 1027
995.8 1916
996 399
996.1 2062
996.1 2827
996.2 753
997 1793
997.1 3035
997.2 262
997.5 1507
998 270
998.1 3040
998.4 2676
998.8 269
999 3031
999.3 2274
999.4 3038
