4.8 542
4.8 749
4.8 1156
4.8 2272
4.8 2282
5.2 1304
5.3 2546
5.5 1520
5.8 1028
5.8 1783
5.8 2683
6.1 1144
6.1 1914
6.3 387
6.3 748
6.4 3581
6.4 3586
6.5 3799
6.6 1792
6.6 3435
6.8 1515
6.8 2828
6.8 3589
6.9 2552
6.9 3199
7 3311
7 3794
7.1 1157
7.1 2060
7.1 2279
7.1 3030
7.2 756
7.2 2268
7.4 2269
7.5 168
7.6 2551
7.6 3584
7.7 2066
7.7 2548
7.8 827
7.8 1786
7.8 3040
7.9 1921
7.9 2825
8 394
8 3037
8.1 757
8.1 1031
8.1 1305
8.1 1514
8.1 1785
8.2 395
8.2 746
8.2 3803
8.3 261
8.3 1918
8.3 3795
8.4 539
8.4 1298
8.4 1510
8.5 390
8.5 750
8.6 263
8.6 3036
8.6 3436
8.7 2679
8.8 268
8.8 1023
8.8 2275
8.9 271
8.9 2932
8.9 3315
8.9 3427
9 3442
9.1 392
9.1 755
9.1 1032
9.1 3438
9.1 3793
9.2 2673
9.2 3798
9.3 1030
9.3 2676
9.3 2677
9.4 396
9.4 2670
9.5 1511
9.5 1519
9.5 3307
9.6 1303
9.6 3313
9.8 1301
9.8 3043
10 1791
10 2672
10 3305
10.1 1149
10.1 2065
10.3 2550
10.3 2675
10.3 3306
10.4 269
10.4 2064
10.4 3038
10.4 3130
10.6 1917
10.6 2823
10.7 3429
10.8 2671
10.8 3801
10.9 544
10.9 2826
11 1516
11.1 1148
11.2 391
11.4 1518
11.4 3790
11.5 3041
11.7 1029
11.7 2827
11.9 1026
11.9 2544
12 2681
12.1 1300
12.2 393
12.2 2273
12.2 3582
12.3 400
12.3 538
12.4 3797
12.5 2674
12.7 2063
12.8 1025
12.9 262
12.9 1150
13.1 397
13.1 3583
13.2 267
13.2 3039
13.3 264
13.3 1155
13.3 1509
13.3 2061
13.3 2281
13.3 3034
13.4 3440
13.5 1909
13.6 537
13.7 1299
13.8 3439
14 545
14 1146
14.1 1908
14.1 2278
14.2 3428
14.4 3033
14.4 3431
14.6 1153
14.6 2549
14.6 3588
14.8 3308
15.3 3032
15.3 3314
15.5 541
15.5 1147
15.8 2821
15.9 3804
16.1 1911
16.6 3433
16.7 1784
16.8 383
16.9 1024
17.1 3031
17.4 540
17.4 1508
17.5 759
17.6 2067
17.7 2545
18 3444
18.1 2270
18.2 3791
18.6 2271
18.8 1159
19.9 754
19.9 1154
20.3 3042
20.3 3432
20.5 1910
20.7 2666
21.1 2822
21.3 1906
21.3 2062
21.5 2668
21.7 2280
21.9 758
21.9 2678
22.3 1151
22.7 1788
23.4 386
23.5 543
23.9 2059
24.7 3434
24.9 383
26.1 3312
26.4 1512
26.7 1789
27 1790
27.3 1913
27.9 751
27.9 753
28.6 3443
28.8 1920
28.9 3581
29.2 3588
29.3 385
29.9 2553
30 3430
30.1 1027
31 1785
31 2554
31.3 2820
31.4 268
32.2 544
32.5 1916
32.5 3030
33.2 389
33.2 2548
33.3 266
33.6 3437
33.6 3802
34.8 388
35.2 1922
35.3 3794
35.4 3313
35.6 2272
36.2 1511
37 1148
37.6 3587
37.8 269
37.8 1905
38 2679
38.1 3441
38.2 1145
38.4 1029
39.7 1787
40.1 384
40.3 3585
41.2 2823
41.4 2547
41.8 2277
42.1 1521
42.2 1912
43.4 2677
43.6 1152
44.1 2551
44.1 2682
44.4 1298
44.7 1302
44.8 752
45.1 1914
45.3 2060
45.7 1282
45.8 1299
46.5 2064
46.6 3796
46.8 1144
46.8 3036
46.8 3803
46.9 1160
47.2 1510
47.4 2667
47.7 3582
48 2552
48.4 2018
48.5 1032
48.9 1306
48.9 1518
49.4 1153
49.6 3307
50.3 400
50.6 1791
51.2 1792
51.7 1513
51.7 3310
52.1 1786
52.3 2067
52.3 3032
52.4 2271
53.1 2275
53.2 3041
53.6 1157
53.6 2825
53.7 757
53.7 3438
53.8 1196
53.9 394
53.9 3432
54 1517
54.1 387
54.1 1296
54.2 3315
54.6 2545
54.7 517
54.7 1222
54.8 3792
55 1263
55 2049
55.1 534
55.2 538
55.2 2803
55.3 1258
55.4 2043
55.4 2056
55.5 520
55.6 2052
55.6 2820
55.7 529
55.7 1247
55.7 1269
55.7 2811
55.8 1199
55.8 2046
55.9 523
55.9 532
55.9 1211
55.9 1216
55.9 1248
55.9 2050
56 2041
56.1 530
56.1 1232
56.1 1238
56.2 527
56.2 2045
56.3 522
56.3 524
56.3 3309
56.4 516
56.4 1255
56.5 2054
56.6 1215
56.8 1230
56.8 2804
56.9 2812
57 1235
57 2061
57.1 1236
57.2 2813
57.2 3440
57.3 399
57.3 1249
57.3 1291
57.4 3427
57.4 3436
57.6 1198
57.6 1207
57.7 1909
57.7 2053
57.8 1203
57.8 1264
57.8 1278
57.8 1297
57.9 1254
58 1200
58 1241
58 1294
58.1 261
58.1 2810
58.2 526
58.2 1276
58.3 1204
58.3 1293
58.5 2817
58.6 1214
58.6 1277
58.7 1244
58.7 1273
58.7 1280
58.7 1289
58.8 519
58.8 1287
58.8 1296
58.9 1290
59 755
59 1284
59.1 1292
59.2 1279
59.3 1282
59.3 1286
59.4 1295
59.6 1209
59.8 535
59.8 1285
59.8 1305
59.8 2673
60 1234
60 1272
60.2 1256
60.2 1281
60.2 1291
60.5 2044
60.6 1283
60.6 1288
60.7 1278
60.7 1353
60.7 1515
60.8 1022
60.9 1294
61 262
61.1 1276
61.2 1442
61.3 1293
61.6 1297
61.6 1301
61.6 1793
61.7 1135
61.7 1287
61.7 1296
61.7 1439
61.7 2038
61.9 1284
62 1356
62 3035
62.1 1184
62.1 1279
62.1 1365
62.1 1411
62.1 1450
62.2 1389
62.2 1421
62.2 1448
62.4 396
62.4 1286
62.4 1407
62.5 1493
62.6 1425
62.7 1030
62.7 1268
62.7 1387
62.7 3029
62.8 1351
62.8 1375
62.8 1440
62.9 1383
63 1398
63 1441
63.1 2274
63.2 1344
63.3 1321
63.3 1352
63.3 1428
63.3 1432
63.4 1329
63.4 1397
63.5 1394
63.5 1464
63.6 1367
63.6 1418
63.7 1333
63.7 1347
63.7 1360
63.7 1408
63.7 1473
63.8 1322
63.8 1349
63.8 1385
63.8 1402
63.8 1405
63.8 1409
63.9 1300
63.9 1514
64 397
64 1373
64 1392
64 1424
64.1 1309
64.1 1918
64.2 1338
64.3 1354
64.3 1361
64.3 1449
64.4 749
64.4 1312
64.4 1454
64.5 1374
64.5 1390
64.5 1446
64.6 1307
64.6 1317
64.6 1336
64.6 1474
64.6 1520
64.7 1332
64.7 1462
64.9 1323
64.9 1358
64.9 1362
64.9 1419
64.9 1443
64.9 1477
64.9 1509
65 1359
65 1370
65 1391
65.1 1415
65.1 1465
65.3 1326
65.4 1348
65.4 1380
65.4 1444
65.6 1341
65.6 1435
65.6 1911
65.7 1369
65.7 1495
65.8 1165
65.8 1335
65.8 1423
65.8 1433
65.8 1463
65.9 1403
66 1366
66 1376
66 1459
66.1 1479
66.1 1502
66.2 1175
66.2 1311
66.2 1320
66.2 1324
66.2 1328
66.2 1417
66.2 1458
66.2 1460
66.2 1466
66.4 265
66.4 1490
66.5 1451
66.6 1186
66.6 1400
66.6 1503
66.7 1172
66.8 1337
66.8 1395
66.9 1189
66.9 1313
66.9 1378
66.9 1452
66.9 1475
66.9 2066
67 1055
67 1073
67 1077
67 1171
67 1364
67 1368
67 1472
67 1483
67 3428
67.1 1100
67.1 1319
67.1 1485
67.2 1086
67.2 1314
67.2 1339
67.2 1410
67.2 1497
67.3 537
67.3 1037
67.3 1169
67.3 1381
67.3 1399
67.3 1420
67.3 1431
67.3 1437
67.3 1488
67.4 1069
67.4 1170
67.4 1178
67.4 1384
67.5 1181
67.5 1184
67.6 1164
67.6 1182
67.6 1429
67.6 1486
67.6 1506
67.7 1050
67.7 1053
67.7 1062
67.7 1072
67.7 1093
67.7 1113
67.7 1162
67.7 1396
67.7 1468
67.7 1484
67.7 1493
67.7 1498
67.7 1504
67.7 3798
67.8 1039
67.8 1044
67.8 1166
67.8 1190
67.8 1414
67.9 1063
67.9 1095
67.9 1099
67.9 1101
67.9 1176
67.9 1183
67.9 1345
67.9 1445
67.9 1505
68 759
68 1080
68 1097
68 1185
68 1340
68 1379
68 1412
68 1416
68 1439
68 1478
68.1 1074
68.1 1078
68.1 1088
68.1 1105
68.1 1106
68.1 1163
68.1 1167
68.1 1187
68.1 1346
68.1 1382
68.1 1453
68.1 1499
68.2 1034
68.2 1075
68.2 1104
68.2 1110
68.2 1179
68.2 1331
68.2 1434
68.2 1489
68.2 1500
68.2 2250
68.3 1038
68.3 1040
68.3 1049
68.3 1051
68.3 1061
68.3 1065
68.3 1066
68.3 1071
68.3 1083
68.3 1090
68.3 1315
68.3 1422
68.3 1907
68.4 1047
68.4 1084
68.4 1092
68.4 1109
68.4 1192
68.4 1377
68.4 1426
68.5 1057
68.5 1174
68.5 1177
68.5 1191
68.5 1325
68.5 1343
68.5 1427
68.6 1091
68.6 1107
68.6 1188
68.6 1421
68.6 1455
68.6 1905
68.7 1042
68.7 1052
68.7 1054
68.7 1064
68.7 1067
68.7 1094
68.7 1102
68.7 1103
68.7 1168
68.7 1355
68.7 1407
68.7 1495
68.8 1046
68.8 1114
68.8 1372
68.8 1461
68.9 756
68.9 1059
68.9 1060
68.9 1068
68.9 1111
68.9 1180
68.9 1425
68.9 1482
69 1035
69 1056
69 1070
69 1081
69 1173
69 1481
69 2251
69.1 732
69.1 1058
69.1 1079
69.1 1098
69.1 1308
69.1 1375
69.1 1393
69.2 392
69.2 745
69.2 1045
69.2 1048
69.2 1085
69.2 1096
69.2 1165
69.2 1438
69.3 727
69.3 1033
69.3 1041
69.3 1398
69.3 1440
69.3 1479
69.3 1480
69.3 2669
69.4 740
69.4 1082
69.4 1087
69.4 1310
69.4 1316
69.4 1447
69.4 1471
69.4 2245
69.4 2261
69.4 3795
69.5 1036
69.5 1043
69.5 1076
69.5 1108
69.5 1492
69.5 1502
69.6 724
69.6 1112
69.6 1175
69.6 1356
69.6 1432
69.6 1487
69.6 1494
69.6 2259
69.6 3800
69.7 1089
69.7 1138
69.7 2247
69.8 730
69.8 1327
69.8 1394
69.8 1436
69.8 1469
69.8 1503
69.8 3312
69.9 720
69.9 1126
69.9 1137
69.9 1483
69.9 2263
70 717
70 1115
70 1119
70 1186
70 1347
70 1360
70 1388
70 1406
70 1915
70 2266
70.1 718
70.1 1116
70.1 1117
70.1 1123
70.1 1124
70.1 1125
70.1 1129
70.1 1136
70.1 1140
70.1 1172
70.1 1385
70.1 1402
70.1 1405
70.1 2246
70.2 728
70.2 1127
70.2 1130
70.2 1141
70.2 1488
70.2 1490
70.2 2240
70.2 2262
70.2 2267
70.3 271
70.3 738
70.3 1128
70.3 1131
70.3 1133
70.3 1189
70.3 1397
70.3 3311
70.4 687
70.4 741
70.4 1120
70.4 1121
70.4 1134
70.4 1171
70.4 1413
70.4 1485
70.5 270
70.5 1122
70.5 1132
70.5 1142
70.5 1143
70.5 2255
70.6 398
70.6 729
70.6 1135
70.6 1389
70.6 1496
70.6 1504
70.7 735
70.7 1118
70.7 1169
70.7 1312
70.7 2239
70.7 2244
70.8 736
70.8 1139
70.8 1170
70.8 1178
70.8 1409
70.8 1446
70.8 1493
70.8 2242
70.9 722
70.9 731
70.9 744
70.9 1181
70.9 1184
70.9 1342
70.9 1357
70.9 2265
70.9 2544
71 1164
71 1182
71 1332
71 1506
71 1880
71 2264
71.1 361
71.1 372
71.1 719
71.1 1161
71.1 1162
71.1 1500
71.1 1886
71.1 1892
71.1 2241
71.2 739
71.2 742
71.2 1166
71.2 1190
71.2 1498
71.2 1903
71.2 2257
71.2 3586
71.3 360
71.3 1176
71.3 1183
71.3 1359
71.3 1391
71.3 1392
71.3 1878
71.3 1888
71.3 3583
71.4 355
71.4 382
71.4 1185
71.4 1305
71.4 1307
71.4 1881
71.4 1887
71.4 1893
71.4 1897
71.4 2250
71.4 2258
71.4 2270
71.5 354
71.5 362
71.5 364
71.5 377
71.5 1163
71.5 1167
71.5 1187
71.5 1884
71.5 1898
71.5 2254
71.6 267
71.6 358
71.6 363
71.6 379
71.6 721
71.6 1179
71.6 1456
71.6 1457
71.6 1470
71.6 1499
71.6 1879
71.6 1885
71.6 1896
71.6 2243
71.7 369
71.7 371
71.7 733
71.7 1348
71.7 1411
71.7 1424
71.7 1462
71.7 1876
71.7 1883
71.7 2679
71.8 356
71.8 373
71.8 375
71.8 376
71.8 737
71.8 1192
71.8 1467
71.8 1889
71.8 1890
71.8 1891
71.8 1902
71.9 359
71.9 367
71.9 1174
71.9 1177
71.9 1191
71.9 1877
71.9 1895
71.9 2248
71.9 2251
72 357
72 378
72 607
72 1188
72 1882
72 1899
72 2253
72.1 368
72.1 380
72.1 723
72.1 746
72.1 1168
72.1 1330
72.1 1433
72.1 1505
72.1 1900
72.1 2675
72.2 381
72.2 1349
72.2 1479
72.2 1481
72.2 1901
72.2 2256
72.3 365
72.3 366
72.3 1180
72.3 1459
72.3 1482
72.3 1489
72.4 1173
72.4 1335
72.4 1492
72.5 374
72.5 1302
72.5 1466
72.5 1487
72.5 1494
72.5 1501
72.5 1519
72.5 1894
72.5 2234
72.5 2260
72.5 3004
72.5 3025
72.6 740
72.6 1138
72.6 1165
72.6 1334
72.6 1464
72.6 1508
72.7 727
72.7 1306
72.7 1428
72.7 1495
72.7 1503
72.7 1904
72.8 726
72.8 1126
72.8 1137
72.8 1156
72.8 1304
72.8 1358
72.8 1483
72.8 2546
72.8 3011
72.8 3021
72.9 1115
72.9 1119
72.9 1145
73 1116
73 1117
73 1123
73 1124
73 1125
73 1129
73 1136
73 1140
73 1175
73 1298
73 1303
73 1478
73 3016
73 3308
73.1 370
73.1 1127
73.1 1130
73.1 1141
73.1 1337
73.1 1488
73.1 1490
73.2 760
73.2 1128
73.2 1131
73.2 1133
73.2 2268
73.2 3020
73.2 3028
73.3 1055
73.3 1073
73.3 1077
73.3 1120
73.3 1121
73.3 1134
73.3 1485
73.3 3443
73.4 406
73.4 1100
73.4 1122
73.4 1132
73.4 1142
73.4 1143
73.4 1186
73.4 1502
73.4 3023
73.4 3027
73.4 3433
73.5 632
73.5 1086
73.5 1135
73.5 1172
73.5 1300
73.5 1410
73.5 1496
73.5 1504
73.5 1507
73.5 2670
73.5 3014
73.5 3015
73.5 3026
73.6 732
73.6 1037
73.6 1118
73.6 1299
73.6 1381
73.6 1437
73.6 1512
73.6 1520
73.7 1069
73.7 1139
73.7 1189
73.7 1362
73.7 1493
73.7 3306
73.8 745
73.8 1171
73.8 1395
73.8 2660
73.9 1386
73.9 1429
73.9 1880
73.9 3010
73.9 3022
74 361
74 372
74 1050
74 1053
74 1062
74 1072
74 1093
74 1113
74 1396
74 1468
74 1500
74 1886
74 1892
74.1 417
74.1 422
74.1 1039
74.1 1044
74.1 1169
74.1 1354
74.1 1444
74.1 1480
74.1 1498
74.1 1903
74.1 1922
74.2 360
74.2 1063
74.2 1095
74.2 1099
74.2 1101
74.2 1170
74.2 1178
74.2 1418
74.2 1423
74.2 1878
74.2 1888
74.2 3002
74.2 3009
74.2 3024
74.3 355
74.3 382
74.3 1080
74.3 1097
74.3 1181
74.3 1184
74.3 1473
74.3 1881
74.3 1887
74.3 1893
74.3 1897
74.3 2641
74.3 3017
74.4 354
74.4 362
74.4 364
74.4 377
74.4 402
74.4 743
74.4 1074
74.4 1078
74.4 1088
74.4 1105
74.4 1106
74.4 1164
74.4 1182
74.4 1286
74.4 1884
74.4 1898
74.4 1952
74.5 358
74.5 363
74.5 379
74.5 1034
74.5 1075
74.5 1104
74.5 1110
74.5 1149
74.5 1162
74.5 1345
74.5 1879
74.5 1885
74.5 1896
74.5 3013
74.6 369
74.6 371
74.6 1038
74.6 1040
74.6 1049
74.6 1051
74.6 1061
74.6 1065
74.6 1066
74.6 1071
74.6 1083
74.6 1090
74.6 1166
74.6 1190
74.6 1315
74.6 1876
74.6 1883
74.6 2549
74.6 2648
74.7 263
74.7 356
74.7 373
74.7 375
74.7 376
74.7 1047
74.7 1084
74.7 1092
74.7 1109
74.7 1176
74.7 1183
74.7 1890
74.7 1891
74.7 1902
74.7 2249
74.7 2639
74.7 2649
74.8 359
74.8 367
74.8 1057
74.8 1185
74.8 1343
74.8 1516
74.8 1877
74.8 1895
74.8 2644
74.9 357
74.9 388
74.9 1091
74.9 1107
74.9 1163
74.9 1167
74.9 1187
74.9 1899
74.9 3001
75 380
75 734
75 1042
75 1052
75 1054
75 1064
75 1067
75 1094
75 1102
75 1103
75 1179
75 1900
75.1 381
75.1 1046
75.1 1114
75.1 1479
75.2 1059
75.2 1060
75.2 1068
75.2 1111
75.2 1192
75.2 1289
75.2 1481
75.3 1035
75.3 1056
75.3 1070
75.3 1081
75.3 1174
75.3 1177
75.3 1191
75.3 1323
75.4 393
75.4 1058
75.4 1079
75.4 1098
75.4 1188
75.4 1487
75.4 2638
75.4 2650
75.4 2651
75.5 1045
75.5 1048
75.5 1085
75.5 1096
75.5 1138
75.5 1168
75.5 1482
75.5 2554
75.5 2640
75.5 3012
75.6 1033
75.6 1041
75.6 1147
75.7 1082
75.7 1087
75.7 1126
75.7 1137
75.7 1180
75.7 1316
75.7 2643
75.8 368
75.8 1036
75.8 1043
75.8 1076
75.8 1108
75.8 1115
75.8 1119
75.8 1173
75.8 2666
75.8 2683
75.9 1112
75.9 1116
75.9 1117
75.9 1123
75.9 1124
75.9 1125
75.9 1129
75.9 1136
75.9 1140
75.9 1431
76 1089
76 1127
76 1130
76 1141
76 1165
76.1 1128
76.1 1131
76.1 1133
76.1 2655
76.1 2662
76.2 1120
76.2 1121
76.2 1296
76.2 1305
76.2 1882
76.3 1122
76.3 1132
76.3 1142
76.3 1143
76.3 2658
76.3 2665
76.4 365
76.4 1175
76.4 1488
76.4 1499
76.5 843
76.5 1505
76.5 2653
76.6 1139
76.6 2663
76.7 800
76.7 1494
76.8 881
76.8 1186
76.8 1880
76.8 2646
76.9 1172
76.9 2637
77 847
77 1287
77 2642
77 2656
77 2676
77.1 1135
77.1 1189
77.1 1301
77.2 653
77.2 1171
77.2 2654
77.2 2708
77.3 952
77.3 1302
77.3 1500
77.3 1519
77.3 1886
77.3 2641
77.3 3003
77.3 3581
77.4 1118
77.4 1134
77.5 422
77.5 771
77.5 967
77.5 1024
77.5 1169
77.5 1279
77.5 1306
77.6 1170
77.6 1178
77.6 1304
77.6 1897
77.6 2678
77.7 372
77.7 886
77.7 991
77.7 1181
77.7 1184
77.7 2659
77.8 1164
77.8 1182
77.8 1298
77.8 1303
77.9 824
77.9 1162
77.9 3005
77.9 3008
78 377
78 1166
78 1190
78 1881
78 2660
78.1 369
78.1 1176
78.1 1183
78.1 1319
78.1 2661
78.2 763
78.2 1185
78.3 1163
78.3 1167
78.3 1187
78.3 1300
78.3 1893
78.3 2648
78.4 1138
78.4 1179
78.4 1295
78.4 1299
78.5 360
78.5 1290
78.6 767
78.6 876
78.6 1126
78.6 1137
78.6 1192
78.6 1289
78.7 1115
78.7 1119
78.7 1174
78.7 1177
78.7 1191
78.7 1285
78.8 1116
78.8 1117
78.8 1123
78.8 1124
78.8 1125
78.8 1129
78.8 1136
78.8 1140
78.8 1188
78.8 2712
78.9 1031
78.9 1127
78.9 1130
78.9 1141
78.9 1168
78.9 1291
79 382
79 1128
79 1131
79 1133
79.1 796
79.1 1120
79.1 1121
79.1 1180
79.2 946
79.2 987
79.2 1122
79.2 1132
79.2 1142
79.2 1143
79.2 1173
79.2 1283
79.2 1876
79.2 1878
79.3 363
79.3 832
79.3 1898
79.4 1165
79.5 1139
79.5 1512
79.6 1055
79.6 1073
79.6 1077
79.7 368
79.7 1100
79.7 1880
79.8 797
79.8 1086
79.8 1175
79.8 1282
79.8 1286
79.9 379
79.9 1037
79.9 1280
80 961
80 1069
80 1135
80 1287
80 1498
80 1516
80.1 887
80.1 1292
80.2 1186
80.2 1487
80.2 1500
80.2 1879
80.2 1886
80.3 862
80.3 874
80.3 1050
80.3 1053
80.3 1062
80.3 1072
80.3 1093
80.3 1113
80.3 1118
80.3 1134
80.3 1172
80.3 1899
80.4 761
80.4 908
80.4 1039
80.4 1044
80.4 1520
80.5 804
80.5 836
80.5 985
80.5 1063
80.5 1095
80.5 1099
80.5 1101
80.5 1189
80.5 1423
80.5 1495
80.5 1897
80.6 372
80.6 1028
80.6 1080
80.6 1097
80.6 1171
80.7 1074
80.7 1078
80.7 1088
80.7 1105
80.7 1106
80.8 879
80.8 1034
80.8 1075
80.8 1104
80.8 1110
80.9 377
80.9 882
80.9 1038
80.9 1040
80.9 1049
80.9 1051
80.9 1061
80.9 1065
80.9 1066
80.9 1071
80.9 1083
80.9 1090
80.9 1169
80.9 1507
80.9 1881
81 355
81 357
81 367
81 369
81 413
81 1047
81 1084
81 1092
81 1109
81 1170
81 1178
81 1305
81 1885
81 1901
81 1902
81.1 840
81.1 867
81.1 951
81.1 1057
81.1 1181
81.1 1184
81.1 1293
81.2 976
81.2 1091
81.2 1107
81.2 1164
81.2 1182
81.2 1893
81.3 381
81.3 816
81.3 1042
81.3 1052
81.3 1054
81.3 1064
81.3 1067
81.3 1094
81.3 1102
81.3 1103
81.3 1138
81.3 1162
81.4 1046
81.4 1114
81.4 1166
81.4 1190
81.4 1890
81.5 356
81.5 376
81.5 841
81.5 970
81.5 1059
81.5 1060
81.5 1068
81.5 1111
81.5 1126
81.5 1137
81.5 1176
81.5 1183
81.6 364
81.6 373
81.6 922
81.6 1035
81.6 1056
81.6 1070
81.6 1081
81.6 1115
81.6 1119
81.6 1185
81.7 360
81.7 1058
81.7 1079
81.7 1098
81.7 1116
81.7 1123
81.7 1124
81.7 1125
81.7 1136
81.7 1140
81.7 1163
81.7 1167
81.7 1187
81.8 798
81.8 938
81.8 1045
81.8 1048
81.8 1085
81.8 1096
81.8 1127
81.8 1130
81.8 1141
81.8 1179
81.9 382
81.9 834
81.9 871
81.9 1033
81.9 1041
81.9 1128
81.9 1131
81.9 1301
81.9 1884
82 374
82 1082
82 1087
82 1117
82 1120
82 1121
82 1129
82 1192
82 1903
82.1 941
82.1 1036
82.1 1043
82.1 1076
82.1 1108
82.1 1122
82.1 1132
82.1 1133
82.1 1142
82.1 1143
82.1 1174
82.1 1177
82.1 1191
82.1 1302
82.1 1372
82.1 1433
82.1 1519
82.1 1876
82.2 363
82.2 893
82.2 1112
82.2 1188
82.2 1878
82.2 1898
82.3 1168
82.3 1883
82.3 3313
82.4 361
82.4 1139
82.4 1304
82.5 930
82.5 1180
82.6 368
82.6 805
82.6 1173
82.6 1298
82.6 1303
82.6 1877
82.6 1880
82.8 379
82.8 545
82.8 1165
82.8 1888
82.9 873
82.9 1135
83 866
83.1 354
83.1 1027
83.1 1300
83.1 1480
83.1 1879
83.1 1886
83.2 1134
83.2 1175
83.2 1299
83.3 953
83.3 1118
83.3 1481
83.3 1887
83.3 1899
83.4 1892
83.4 1897
83.5 372
83.5 897
83.5 983
83.5 1405
83.6 375
83.6 1186
83.6 1490
83.6 1882
83.6 1891
83.6 3430
83.7 818
83.7 1172
83.7 1500
83.7 3794
83.8 377
83.8 1881
83.9 355
83.9 367
83.9 369
83.9 1189
83.9 1885
83.9 1901
83.9 1902
84 928
84 964
84 1171
84 3431
84.1 357
84.1 371
84.1 963
84.1 1361
84.1 1479
84.1 1893
84.2 381
84.2 1138
84.2 1904
84.3 380
84.3 993
84.3 1169
84.3 1512
84.3 1890
84.3 1894
84.4 356
84.4 362
84.4 376
84.4 1126
84.4 1137
84.4 1170
84.4 1178
84.5 364
84.5 373
84.5 975
84.5 1115
84.5 1119
84.5 1181
84.5 1184
84.5 1900
84.6 360
84.6 378
84.6 888
84.6 1116
84.6 1123
84.6 1124
84.6 1125
84.6 1136
84.6 1140
84.6 1164
84.6 1182
84.7 1127
84.7 1130
84.7 1141
84.7 1162
84.7 1306
84.7 1889
84.7 1896
84.8 358
84.8 359
84.8 382
84.8 782
84.8 788
84.8 1128
84.8 1131
84.8 1166
84.8 1190
84.8 1493
84.8 1515
84.8 1884
84.8 1895
84.8 3799
84.9 365
84.9 374
84.9 1117
84.9 1120
84.9 1121
84.9 1129
84.9 1176
84.9 1183
84.9 1516
84.9 1903
85 1122
85 1132
85 1133
85 1142
85 1143
85 1185
85 1876
85.1 363
85.1 366
85.1 990
85.1 1163
85.1 1167
85.1 1187
85.1 1878
85.1 1898
85.1 2827
85.2 958
85.2 1179
85.2 1883
85.3 361
85.3 905
85.3 1139
85.3 1487
85.4 1192
85.4 1325
85.4 1494
85.4 1498
85.4 1499
85.5 368
85.5 1174
85.5 1177
85.5 1489
85.5 1492
85.5 1783
85.5 1877
85.5 1880
85.6 1188
85.6 1484
85.7 379
85.7 1168
85.7 1343
85.7 1501
85.7 1888
85.8 812
85.8 1135
85.8 1305
85.9 765
85.9 912
85.9 934
85.9 1055
85.9 1073
85.9 1180
85.9 1495
85.9 1508
86 354
86 939
86 948
86 1100
86 1173
86 1352
86 1480
86 1488
86 1879
86 1886
86 3437
86.1 839
86.1 1086
86.1 1134
86.1 1482
86.1 1505
86.1 1507
86.1 1511
86.1 1520
86.2 1118
86.2 1165
86.2 1481
86.2 1887
86.2 1899
86.3 1892
86.3 1897
86.3 2638
86.4 372
86.4 1483
86.5 375
86.5 1490
86.5 1882
86.5 1891
86.6 1053
86.6 1062
86.6 1072
86.6 1175
86.6 1399
86.6 1500
86.7 377
86.7 1025
86.7 1502
86.7 1881
86.8 355
86.8 367
86.8 369
86.8 407
86.8 783
86.8 842
86.8 845
86.8 1099
86.8 1101
86.8 1423
86.8 1885
86.8 1901
86.8 1902
86.9 1302
86.9 1519
87 357
87 371
87 770
87 1105
87 1186
87 1479
87 1893
87.1 381
87.1 880
87.1 1034
87.1 1104
87.1 1110
87.1 1138
87.1 1172
87.1 1411
87.1 1485
87.1 1904
87.2 380
87.2 957
87.2 1038
87.2 1040
87.2 1061
87.2 1090
87.2 1375
87.2 1890
87.2 1894
87.3 356
87.3 362
87.3 376
87.3 1092
87.3 1109
87.3 1126
87.3 1137
87.3 1189
87.3 1496
87.4 364
87.4 370
87.4 373
87.4 1115
87.4 1119
87.4 1303
87.4 1900
87.5 360
87.5 378
87.5 802
87.5 828
87.5 910
87.5 1116
87.5 1123
87.5 1124
87.5 1125
87.5 1136
87.5 1140
87.5 1304
87.5 1429
87.5 1518
87.6 803
87.6 984
87.6 1067
87.6 1127
87.6 1130
87.6 1141
87.6 1395
87.6 2828
87.7 358
87.7 359
87.7 382
87.7 1114
87.7 1128
87.7 1131
87.7 1169
87.7 1884
87.7 1895
87.7 1896
87.8 365
87.8 374
87.8 778
87.8 793
87.8 1117
87.8 1120
87.8 1121
87.8 1129
87.8 1170
87.8 1178
87.8 1418
87.8 1465
87.8 1521
87.8 1889
87.8 1903
87.9 962
87.9 1056
87.9 1081
87.9 1122
87.9 1132
87.9 1133
87.9 1142
87.9 1143
87.9 1181
87.9 1184
87.9 1300
87.9 1876
88 363
88 1182
88 1493
88 1878
88 1898
88 3588
88.1 933
88.1 936
88.1 1045
88.1 1085
88.1 1162
88.1 1468
88.1 1883
88.2 361
88.2 366
88.2 1026
88.2 1033
88.2 1139
88.2 1166
88.2 1190
88.2 1487
88.3 1087
88.3 1183
88.3 1328
88.4 368
88.4 1043
88.4 1076
88.4 1185
88.4 1355
88.4 1433
88.4 1877
88.4 1880
88.5 767
88.5 1112
88.5 1163
88.6 269
88.6 379
88.6 538
88.6 1888
88.7 971
88.7 972
88.7 1135
88.7 1167
88.7 2550
88.8 1321
88.9 354
88.9 969
88.9 1174
88.9 1177
88.9 1879
88.9 1886
89 1021
89 1134
89 2644
89.1 1118
89.1 1168
89.1 1424
89.1 1512
89.1 1887
89.1 1899
89.1 2643
89.2 843
89.2 1323
89.2 1892
89.2 1897
89.3 372
89.3 1180
89.3 2638
89.4 375
89.4 885
89.4 1324
89.4 1356
89.4 1882
89.4 1891
89.4 2662
89.5 786
89.5 787
89.5 1176
89.5 1192
89.5 1334
89.6 377
89.6 1165
89.6 1881
89.6 2650
89.6 2658
89.7 355
89.7 367
89.7 369
89.7 1486
89.7 1516
89.7 1885
89.7 1901
89.7 1902
89.9 357
89.9 371
89.9 870
89.9 1473
89.9 1893
89.9 2062
89.9 2826
90 381
90 1138
90 1398
90.1 838
90.1 1890
90.2 362
90.2 376
90.2 807
90.2 1126
90.2 1137
90.3 364
90.3 373
90.3 784
90.3 977
90.3 1115
90.3 1119
90.3 2641
90.3 2651
90.4 360
90.4 917
90.4 1116
90.4 1123
90.4 1124
90.4 1125
90.4 1136
90.4 1140
90.5 1127
90.5 1130
90.5 1141
90.5 1287
90.6 378
90.6 380
90.6 382
90.6 1020
90.6 1128
90.6 1131
90.6 1173
90.6 1370
90.6 1884
90.6 2661
90.7 359
90.7 986
90.7 1117
90.7 1120
90.7 1121
90.7 1129
90.7 1189
90.7 1903
90.7 2648
90.7 2660
90.7 2822
90.8 1122
90.8 1132
90.8 1133
90.8 1142
90.8 1143
90.8 1362
90.8 1876
90.8 2640
90.8 2657
90.9 356
90.9 363
90.9 952
90.9 1878
90.9 1898
91 539
91 1425
91 1883
91 2254
91.1 361
91.1 374
91.1 994
91.1 1139
91.1 1515
91.2 777
91.2 1178
91.2 1498
91.3 368
91.3 370
91.3 1880
91.3 2821
91.3 3801
91.4 1182
91.4 1504
91.4 1779
91.5 379
91.5 1017
91.5 1162
91.5 1769
91.6 1135
91.6 1166
91.6 1489
91.6 1492
91.6 3589
91.7 907
91.7 1183
91.7 1325
91.8 354
91.8 790
91.8 1185
91.8 1279
91.8 1381
91.8 1879
91.8 1886
91.8 1900
91.8 2654
91.9 260
91.9 1134
91.9 1392
91.9 2644
92 1118
92 1169
92 1888
92.1 766
92.1 1466
92.1 1892
92.1 1895
92.1 1897
92.2 372
92.2 949
92.2 1022
92.2 1023
92.2 1887
92.2 2638
92.2 2649
92.3 358
92.3 1352
92.3 1899
92.4 1508
92.4 2063
92.4 2652
92.5 377
92.5 780
92.5 791
92.5 955
92.5 1168
92.5 1881
92.6 355
92.6 367
92.6 369
92.6 1174
92.6 1901
92.6 1902
92.7 366
92.7 544
92.7 924
92.7 1289
92.7 1877
92.8 929
92.8 1305
92.8 1343
92.8 1893
92.8 2646
92.9 1138
92.9 1163
93 1890
93.1 357
93.1 376
93.1 815
93.1 915
93.1 1126
93.1 1137
93.1 1285
93.1 1420
93.1 1423
93.2 937
93.2 1115
93.2 1119
93.2 1891
93.2 3584
93.3 991
93.3 1116
93.3 1123
93.3 1124
93.3 1125
93.3 1136
93.3 1140
93.3 1181
93.3 1405
93.3 1520
93.3 2639
93.4 364
93.4 1127
93.4 1130
93.4 1141
93.5 891
93.5 1128
93.5 1131
93.5 3438
93.6 1092
93.6 1117
93.6 1120
93.6 1121
93.6 1129
93.6 1364
93.6 1432
93.6 1885
93.6 2643
93.7 381
93.7 1122
93.7 1132
93.7 1133
93.7 1142
93.7 1143
93.7 1386
93.7 1876
93.8 919
93.8 1470
93.8 2658
93.9 804
93.9 1329
93.9 1395
94 1004
94 1139
94 1184
94 1519
94.1 382
94.1 1399
94.2 1180
94.2 1880
94.2 1882
94.2 3314
94.3 361
94.3 541
94.4 379
94.4 900
94.4 2663
94.5 542
94.5 1135
94.5 1903
94.5 3582
94.6 801
94.6 1178
94.6 1350
94.6 1482
94.7 1886
94.7 1894
94.8 363
94.8 1448
94.8 1785
94.9 1349
95 992
95 1025
95 1166
95 1897
95 2271
95 3444
95.1 360
95.1 372
95.1 1183
95.2 1878
95.2 1898
95.3 1182
95.3 2660
95.4 850
95.4 865
95.4 1372
95.4 1790
95.5 139
95.5 251
95.6 1789
95.7 967
95.7 989
95.7 1134
95.8 362
95.8 1138
95.9 1464
96 1126
96 1137
96 1881
96 3442
96.1 1115
96.1 1119
96.2 369
96.2 1116
96.2 1118
96.2 1123
96.2 1136
96.2 1140
96.2 1883
96.3 1127
96.3 1130
96.4 359
96.4 1128
96.4 1131
96.4 1433
96.5 1117
96.5 1120
96.6 1122
96.6 1124
96.6 1132
96.6 1142
96.6 1876
96.6 1893
96.8 976
96.8 1455
96.9 3315
97.1 1901
97.5 753
97.5 1129
97.7 1162
97.8 1892
97.8 2638
97.8 2641
98 373
98 543
98.1 1165
98.3 1477
98.5 377
98.5 1175
98.7 379
98.7 1125
99 1119
99 1183
99.3 368
99.3 1115
99.4 1899
99.4 2281
99.5 1403
99.5 1880
99.6 1787
99.7 540
99.7 1897
99.7 2273
99.8 1762
99.8 2065
99.8 3793
