5.1 749
5.4 1156
5.8 2272
5.8 2282
5.9 542
6.4 2546
7 1520
7.3 1304
7.6 1914
7.6 2683
8.4 1028
8.9 1783
9.2 394
9.3 757
9.5 1144
10.3 3589
10.6 756
10.7 2551
10.8 3586
11.1 1785
11.2 387
11.4 396
11.4 2060
11.7 1305
11.9 2828
12.5 3030
12.8 268
12.9 3036
13 269
13.5 2825
13.9 2671
13.9 3040
14.5 544
14.7 1515
14.8 390
15.2 755
15.2 1025
15.2 2544
15.5 1303
15.6 1518
15.8 1030
15.9 1510
16 3313
16.9 3581
18.2 3804
18.3 1148
18.3 2065
18.4 3588
18.6 1155
18.8 1908
19.1 540
19.5 3439
19.6 759
19.8 393
19.8 539
19.9 3797
20 2268
20.3 1299
20.4 1149
20.6 2681
20.9 2666
20.9 3427
21.6 2679
21.8 3033
22.1 1906
22.2 2066
22.8 383
23 3428
23.3 1514
23.5 754
24.5 2281
24.8 3031
25 386
25 3032
25.3 543
25.6 2827
26.2 3798
26.4 2821
26.7 2667
26.9 1512
27.4 1913
27.4 2677
28.1 1150
28.1 2067
28.5 2822
28.7 3434
28.9 1789
29.3 3035
31.5 541
31.9 1023
32.1 2548
32.2 3794
32.4 2820
32.9 3436
32.9 3443
33.1 3039
33.2 2674
33.3 2823
33.4 1790
33.5 750
33.8 1511
34.3 1027
34.8 3437
35.4 3796
35.8 266
36.4 389
36.6 1029
37.5 3802
38.2 3803
38.6 2274
39 3042
39 3312
39.1 1159
39.2 3587
39.3 1791
39.4 395
40.1 1784
40.1 3441
40.3 400
41.1 2062
41.2 751
41.4 2676
41.8 1148
42.1 2064
42.3 753
42.8 545
44.5 3582
45.4 1024
45.7 2277
45.8 2545
46 1153
46 1298
46 1302
46.5 1912
46.7 2552
46.9 1787
47.1 1032
48.9 3041
50.2 2547
50.6 1160
50.9 1518
51.1 2271
51.4 2061
52.4 1786
52.4 1788
52.6 2273
52.8 3307
53.1 2275
53.2 3432
53.5 1196
53.9 538
54 1296
54.4 517
54.4 1157
54.4 1225
54.4 1263
54.4 2049
54.5 1222
54.6 1145
54.6 1215
54.6 1238
54.6 1291
54.7 1199
54.7 1235
54.7 1273
54.8 1193
54.8 1198
54.9 1216
54.9 1223
54.9 1241
54.9 1248
54.9 1255
54.9 1258
55 1218
55 1237
55 2050
55.1 534
55.1 1269
55.2 1200
55.2 1254
55.2 1257
55.3 1217
55.3 3315
55.4 1211
55.4 1247
55.4 2043
55.4 2811
55.5 520
55.5 530
55.5 1232
55.5 1234
55.5 1236
55.5 1276
55.5 2052
55.6 516
55.6 1231
55.7 524
55.7 532
55.7 1202
55.7 1230
55.7 2046
55.7 2803
55.8 1201
55.8 1282
55.8 2056
55.9 1135
55.9 1249
55.9 1297
55.9 2057
56 523
56 526
56 1152
56 1293
56 1294
56 2041
56.1 529
56.1 2278
56.2 1194
56.2 1207
56.2 1210
56.2 1233
56.2 1244
56.2 1277
56.2 1284
56.2 2054
56.3 1204
56.3 1206
56.3 1251
56.3 1253
56.3 1281
56.4 1278
56.4 2045
56.4 2812
56.5 522
56.5 527
56.5 1203
56.5 1246
56.5 2804
56.7 387
56.7 1272
56.7 1279
56.7 2044
56.7 2813
56.8 1197
56.8 1256
56.8 1287
56.8 1288
56.9 1125
56.9 1261
56.9 1264
56.9 1285
56.9 1290
56.9 1295
57 531
57 1212
57 1219
57 1226
57 1245
57 1262
57 1286
57 1289
57 3438
57 3440
57.1 1123
57.1 1195
57.1 1220
57.1 1259
57.1 1296
57.2 1214
57.2 1224
57.2 1280
57.2 2042
57.4 1283
57.5 1128
57.5 1209
57.5 1228
57.5 1267
57.5 1291
57.6 1127
57.6 1292
57.7 521
57.7 1242
57.8 2039
57.9 1240
57.9 1260
57.9 2053
58 519
58 533
58 2055
58.1 1208
58.1 2816
58.2 261
58.3 535
58.3 1126
58.3 1268
58.4 1276
58.4 1485
58.4 1909
58.5 2051
58.6 1275
58.7 1243
58.7 1282
58.7 1493
58.7 2038
58.8 1297
58.8 1490
58.8 2810
58.9 1293
58.9 1294
58.9 1483
58.9 1499
58.9 1500
58.9 1503
59 1489
59 2048
59 2817
59 2818
59.1 1277
59.1 1284
59.2 1486
59.3 1278
59.3 1281
59.3 1478
59.3 1501
59.3 1905
59.4 1305
59.4 1496
59.5 1504
59.5 2057
59.6 1279
59.6 1479
59.6 1497
59.6 1505
59.7 1221
59.7 1287
59.7 1288
59.7 1480
59.7 1502
59.7 1506
59.7 2046
59.8 1285
59.8 1290
59.8 1295
59.9 517
59.9 1271
59.9 1286
59.9 1289
59.9 1385
60 757
60 1296
60 3792
60.1 528
60.1 536
60.1 1280
60.1 1495
60.2 1411
60.2 1449
60.2 1491
60.2 1492
60.3 1283
60.3 1353
60.3 1356
60.3 1389
60.3 1439
60.3 1494
60.4 1291
60.4 1481
60.4 1484
60.4 1488
60.4 1498
60.5 1292
60.5 1344
60.5 2052
60.6 1317
60.6 1367
60.6 1383
60.6 1450
60.6 1482
60.7 524
60.7 1205
60.7 3037
60.8 1421
60.8 1442
60.9 529
60.9 1365
60.9 1392
60.9 1473
60.9 1911
60.9 2053
61 1301
61 1440
61 1487
61.1 2042
61.1 2043
61.2 1300
61.2 1336
61.2 1402
61.3 530
61.3 1276
61.3 1335
61.3 1360
61.3 1375
61.3 1405
61.3 1407
61.3 1433
61.3 1454
61.3 1485
61.3 2673
61.4 521
61.4 1463
61.5 1349
61.5 1354
61.5 1431
61.5 1441
61.5 1475
61.6 1338
61.6 1370
61.6 1373
61.6 1416
61.6 1453
61.6 1493
61.7 1282
61.7 1351
61.7 1398
61.8 1293
61.8 1294
61.8 1324
61.8 1451
61.8 1483
61.8 1499
61.9 1302
61.9 1418
61.9 1420
61.9 1424
61.9 1443
61.9 1446
61.9 1474
62 1284
62 1409
62.1 1120
62.1 1369
62.1 1410
62.1 1490
62.2 1390
62.3 1299
62.3 1332
62.3 1399
62.4 1319
62.4 1486
62.5 1279
62.5 1347
62.6 1415
62.8 2038
62.8 2049
63 1312
63 1326
63 1394
63.1 1387
63.1 1419
63.3 1329
63.3 1378
63.3 1397
63.3 1462
63.3 2058
63.4 397
63.4 1333
63.4 1417
63.4 1466
63.5 1184
63.5 1358
63.6 1308
63.6 1340
63.7 1309
63.7 1377
63.7 1455
63.7 1505
63.8 1322
63.8 1464
63.9 1374
64 1437
64.3 1444
64.4 1030
64.4 1345
64.5 1408
64.5 1425
64.7 1186
64.8 1162
64.8 1165
65.1 1189
65.1 1352
65.2 1169
65.2 1171
65.3 1086
65.3 1172
65.3 3029
65.4 396
65.4 1178
65.5 1055
65.6 1435
65.7 1166
65.8 1073
65.8 1100
65.8 1429
65.9 1037
65.9 1050
65.9 1053
65.9 1069
65.9 1070
65.9 1164
66 1077
66 1110
66 1113
66 1167
66 1391
66 1918
66 1922
66.1 1170
66.1 1181
66.1 1428
66.2 1039
66.2 1044
66.2 1066
66.2 1084
66.2 1093
66.2 1101
66.2 1372
66.3 388
66.3 1061
66.3 1072
66.3 1088
66.3 1185
66.4 1034
66.4 1042
66.4 1062
66.4 1063
66.4 1064
66.4 1074
66.4 1097
66.4 1109
66.4 1180
66.4 1182
66.5 1038
66.5 1163
66.5 1191
66.5 1192
66.5 1411
66.5 1449
66.6 1083
66.6 1104
66.6 1105
66.6 1111
66.6 1177
66.6 1183
66.7 727
66.7 1047
66.7 1071
66.7 1092
66.7 1103
66.7 1176
66.7 1179
66.8 1035
66.8 1045
66.8 1049
66.8 1075
66.8 1080
66.8 1090
66.8 1099
66.8 1190
66.8 1362
66.9 1065
66.9 1087
66.9 1091
66.9 1106
66.9 1184
67 722
67 1033
67 1057
67 1078
67 1094
67 1095
67 1187
67.1 745
67.1 1068
67.1 1168
67.1 1396
67.1 1465
67.2 724
67.2 1040
67.2 1051
67.2 1056
67.2 1112
67.2 2250
67.3 1041
67.3 1054
67.3 1058
67.3 1067
67.3 1085
67.3 1107
67.3 1114
67.3 1174
67.4 1081
67.5 1043
67.5 1048
67.5 1059
67.5 1098
67.5 1173
67.5 1175
67.6 1046
67.6 1082
67.6 1325
67.7 1052
67.7 1305
67.8 1060
67.8 1108
67.8 1188
67.8 1343
68 729
68 1096
68.1 737
68.1 1102
68.1 1186
68.2 1162
68.2 1165
68.2 2245
68.2 2259
68.3 1036
68.3 1079
68.3 1089
68.3 1339
68.3 1472
68.4 1076
68.5 732
68.5 1138
68.5 1189
68.5 1439
68.6 1119
68.6 1124
68.6 1137
68.6 1169
68.6 1171
68.7 1115
68.7 1116
68.7 1129
68.7 1130
68.7 1172
68.8 730
68.8 1125
68.8 1178
68.9 1121
68.9 1122
68.9 1123
68.9 1133
68.9 1136
68.9 1140
68.9 1331
68.9 1432
69 1117
69 1126
69 1127
69 1128
69 1131
69 1135
69 1141
69 1142
69 1390
69 2266
69.1 718
69.1 1120
69.1 1132
69.1 1134
69.1 1166
69.1 1348
69.1 2267
69.2 720
69.2 740
69.2 744
69.2 1139
69.2 1143
69.3 1164
69.3 1382
69.3 2265
69.4 1118
69.4 1167
69.5 361
69.5 1170
69.5 1181
69.5 1880
69.6 372
69.6 728
69.7 354
69.7 362
69.7 375
69.7 1185
69.7 1886
69.7 1892
69.8 369
69.8 717
69.8 721
69.8 1180
69.8 1182
69.8 1878
69.8 1890
69.8 1893
69.8 2244
69.9 355
69.9 360
69.9 373
69.9 378
69.9 379
69.9 382
69.9 1163
69.9 1191
69.9 1192
69.9 1884
69.9 1887
69.9 1897
70 358
70 377
70 1177
70 1183
70 1876
70 1879
70 1881
70 1888
70 1898
70 1903
70 2241
70 2679
70.1 357
70.1 363
70.1 1176
70.1 1179
70.1 1882
70.1 2251
70.2 356
70.2 364
70.2 367
70.2 738
70.2 1190
70.2 1500
70.2 1885
70.2 1896
70.2 2246
70.2 2254
70.3 366
70.3 371
70.3 376
70.3 380
70.3 381
70.3 1184
70.3 1379
70.3 1891
70.3 1901
70.4 359
70.4 368
70.4 731
70.4 1187
70.4 1406
70.4 1433
70.4 1889
70.4 1902
70.5 365
70.5 759
70.5 1168
70.5 1883
70.5 1895
70.6 1381
70.6 1494
70.6 1899
70.6 2263
70.7 374
70.7 1174
70.7 1328
70.7 1488
70.7 1877
70.7 1894
70.7 1900
70.7 1904
70.8 370
70.8 719
70.8 725
70.8 743
70.8 1481
70.9 1173
70.9 1175
70.9 1380
70.9 1398
70.9 1498
71 1436
71 1487
71.1 1298
71.1 1323
71.1 1395
71.1 1485
71.1 1504
71.1 2247
71.1 2261
71.1 2264
71.2 1188
71.2 1306
71.2 1479
71.3 1334
71.3 1483
71.3 1495
71.3 1499
71.4 1138
71.4 1360
71.4 1458
71.4 1493
71.4 2270
71.5 1119
71.5 1124
71.5 1137
71.5 1186
71.5 1307
71.5 1337
71.5 1402
71.5 1519
71.6 1086
71.6 1115
71.6 1116
71.6 1129
71.6 1130
71.6 1162
71.6 1165
71.6 1489
71.6 1793
71.7 392
71.7 1125
71.7 1418
71.7 1468
71.7 1480
71.7 1482
71.7 1490
71.7 1492
71.7 1496
71.7 1505
71.8 1055
71.8 1121
71.8 1122
71.8 1123
71.8 1133
71.8 1136
71.8 1140
71.8 1405
71.8 1506
71.8 1512
71.8 1521
71.9 1117
71.9 1126
71.9 1127
71.9 1128
71.9 1131
71.9 1135
71.9 1141
71.9 1142
71.9 1189
71.9 1302
71.9 1330
71.9 1503
71.9 1508
71.9 1513
72 735
72 742
72 1120
72 1132
72 1134
72 1169
72 1171
72 1361
72 3800
72.1 741
72.1 1073
72.1 1100
72.1 1139
72.1 1143
72.1 1172
72.1 1423
72.1 1429
72.1 1462
72.1 1469
72.1 1502
72.1 1507
72.2 1037
72.2 1050
72.2 1053
72.2 1069
72.2 1070
72.2 1178
72.2 1392
72.2 3583
72.3 1077
72.3 1110
72.3 1113
72.3 1118
72.3 1452
72.3 1501
72.3 2675
72.4 361
72.4 1303
72.4 1376
72.4 1478
72.4 1880
72.4 2660
72.5 372
72.5 1039
72.5 1044
72.5 1066
72.5 1084
72.5 1093
72.5 1101
72.5 1166
72.5 1304
72.5 1305
72.5 1315
72.5 1520
72.6 354
72.6 362
72.6 375
72.6 1061
72.6 1072
72.6 1088
72.6 1886
72.6 1892
72.6 2262
72.6 3311
72.7 271
72.7 369
72.7 1034
72.7 1042
72.7 1062
72.7 1063
72.7 1064
72.7 1074
72.7 1097
72.7 1109
72.7 1164
72.7 1300
72.7 1434
72.7 1878
72.7 1890
72.7 1893
72.8 355
72.8 360
72.8 373
72.8 378
72.8 379
72.8 382
72.8 1038
72.8 1167
72.8 1445
72.8 1516
72.8 1884
72.8 1887
72.8 1897
72.9 267
72.9 358
72.9 377
72.9 1083
72.9 1104
72.9 1105
72.9 1111
72.9 1170
72.9 1181
72.9 1355
72.9 1460
72.9 1486
72.9 1515
72.9 1876
72.9 1879
72.9 1881
72.9 1888
72.9 1898
72.9 1903
72.9 2641
73 357
73 363
73 1047
73 1071
73 1092
73 1103
73 1346
73 1357
73 1410
73 1459
73 1882
73 2639
73.1 356
73.1 364
73.1 367
73.1 1035
73.1 1045
73.1 1049
73.1 1075
73.1 1080
73.1 1090
73.1 1099
73.1 1185
73.1 1332
73.1 1384
73.1 1438
73.1 1500
73.1 1885
73.1 1896
73.2 371
73.2 376
73.2 380
73.2 381
73.2 1065
73.2 1087
73.2 1091
73.2 1106
73.2 1180
73.2 1182
73.2 1314
73.2 1316
73.2 1321
73.2 1484
73.2 1511
73.2 1891
73.2 1901
73.2 2644
73.3 359
73.3 366
73.3 368
73.3 1033
73.3 1057
73.3 1078
73.3 1094
73.3 1095
73.3 1163
73.3 1191
73.3 1192
73.3 1393
73.3 1902
73.3 2638
73.4 365
73.4 1068
73.4 1177
73.4 1183
73.4 1883
73.4 1895
73.5 422
73.5 1040
73.5 1051
73.5 1056
73.5 1112
73.5 1176
73.5 1179
73.5 1341
73.5 1425
73.5 1494
73.5 1899
73.6 1041
73.6 1054
73.6 1058
73.6 1067
73.6 1085
73.6 1107
73.6 1114
73.6 1190
73.6 1488
73.6 1491
73.6 1877
73.6 3023
73.7 1081
73.7 1184
73.7 1399
73.7 1481
73.7 2648
73.7 2649
73.8 270
73.8 1043
73.8 1048
73.8 1059
73.8 1098
73.8 1187
73.8 1437
73.8 1498
73.9 1046
73.9 1082
73.9 1168
73.9 1487
73.9 1518
73.9 2640
74 1052
74 1504
74 1517
74 2256
74 2651
74.1 1060
74.1 1108
74.1 1174
74.1 1343
74.1 1479
74.2 1414
74.2 1427
74.2 1457
74.2 1483
74.2 1495
74.2 3306
74.3 1096
74.3 1138
74.3 1173
74.3 1175
74.3 1409
74.3 1493
74.3 2650
74.3 3025
74.4 1102
74.4 1119
74.4 1124
74.4 1137
74.4 1299
74.4 1319
74.4 2670
74.5 952
74.5 1115
74.5 1116
74.5 1129
74.5 1130
74.5 2242
74.5 2661
74.6 417
74.6 1036
74.6 1079
74.6 1089
74.6 1125
74.6 1188
74.6 1310
74.6 1482
74.6 1489
74.6 2643
74.7 1076
74.7 1121
74.7 1122
74.7 1123
74.7 1133
74.7 1136
74.7 1140
74.7 1364
74.7 1496
74.7 2554
74.7 2653
74.7 3004
74.8 1117
74.8 1126
74.8 1127
74.8 1128
74.8 1131
74.8 1135
74.8 1141
74.8 1142
74.8 1320
74.8 1509
74.9 1120
74.9 1132
74.9 1134
74.9 1186
74.9 1497
74.9 1505
74.9 2544
74.9 2646
75 1139
75 1143
75 1162
75 1165
75 1485
75 2656
75 2658
75.1 1413
75.1 1424
75.1 2662
75.3 1189
75.3 1324
75.3 1412
75.3 1880
75.3 2657
75.4 1169
75.4 1171
75.4 1348
75.5 847
75.5 1172
75.6 1178
75.6 1375
75.6 1480
75.7 848
75.7 1118
75.7 1499
75.7 2637
75.7 2659
75.7 2665
75.7 3308
75.8 800
75.8 1352
75.8 2663
75.9 1166
75.9 1298
75.9 1886
75.9 1897
76 1306
76 1500
76 2642
76.1 1164
76.1 1362
76.1 1470
76.1 1893
76.1 2654
76.2 372
76.2 1167
76.2 2638
76.2 2641
76.2 2655
76.3 1170
76.3 1181
76.3 1301
76.3 1519
76.4 1354
76.4 1494
76.4 1881
76.5 767
76.5 1185
76.5 1492
76.5 2647
76.6 369
76.6 1180
76.6 1182
76.6 1488
76.6 1512
76.6 1521
76.6 2644
76.6 2652
76.7 377
76.7 1163
76.7 1192
76.7 1302
76.7 1433
76.7 1498
76.7 1508
76.8 1177
76.8 1183
76.8 1487
76.8 3022
76.9 843
76.9 1176
76.9 1179
76.9 1381
76.9 1878
77 1190
77 1371
77 1479
77.1 886
77.1 1184
77.1 1502
77.2 1138
77.2 1187
77.2 1303
77.3 1119
77.3 1124
77.3 1137
77.3 1168
77.3 1304
77.3 1305
77.3 1493
77.3 1520
77.3 1876
77.3 3026
77.4 763
77.4 771
77.4 1115
77.4 1116
77.4 1129
77.4 1130
77.4 1289
77.4 1323
77.4 1395
77.5 967
77.5 991
77.5 1125
77.5 1174
77.5 1300
77.5 1482
77.5 1490
77.5 1503
77.5 2551
77.6 1121
77.6 1122
77.6 1123
77.6 1133
77.6 1136
77.6 1140
77.6 1481
77.7 1117
77.7 1126
77.7 1127
77.7 1128
77.7 1131
77.7 1135
77.7 1141
77.7 1142
77.7 1173
77.7 1175
77.7 1507
77.8 360
77.8 1120
77.8 1132
77.8 1134
77.8 1516
77.9 1086
77.9 1139
77.9 1143
77.9 1898
77.9 3016
78 363
78 379
78 881
78 1188
78 1349
78 1468
78 1505
78.1 422
78.1 1055
78.1 1287
78.1 1489
78.2 1312
78.2 1418
78.2 1880
78.3 1186
78.3 1495
78.3 1879
78.4 382
78.4 876
78.4 1073
78.4 1100
78.4 1162
78.4 1165
78.4 1423
78.4 1483
78.4 1485
78.5 1037
78.5 1050
78.5 1053
78.5 1069
78.5 1070
78.5 3585
78.6 1077
78.6 1110
78.6 1113
78.6 1118
78.6 1480
78.6 1504
78.7 761
78.7 797
78.7 1189
78.8 946
78.8 1084
78.8 1101
78.8 1169
78.8 1171
78.8 1420
78.8 1501
78.8 1518
78.8 1886
78.8 1897
78.8 2678
78.9 1072
78.9 1088
78.9 1172
78.9 1279
78.9 1356
78.9 1500
79 796
79 1034
79 1062
79 1109
79 1178
79 1893
79 3011
79.1 372
79.1 1038
79.1 1499
79.1 1515
79.2 1105
79.2 1111
79.2 1299
79.2 1315
79.2 1405
79.2 1431
79.3 1047
79.3 1092
79.3 1103
79.3 1166
79.4 804
79.4 1045
79.4 1075
79.4 1090
79.4 1099
79.4 1484
79.4 1881
79.5 369
79.5 832
79.5 1087
79.5 1106
79.5 1164
79.5 1286
79.5 1473
79.6 377
79.6 951
79.6 1033
79.6 1167
79.6 1498
79.6 1899
79.7 1044
79.7 1170
79.7 1181
79.7 1487
79.8 1040
79.8 1051
79.8 1056
79.8 1112
79.8 1902
79.9 364
79.9 1067
79.9 1085
79.9 1114
79.9 1185
80 368
80 871
80 908
80 987
80 1081
80 1180
80 1182
80 1372
80.1 367
80.1 1043
80.1 1138
80.1 1163
80.1 1192
80.1 1492
80.2 985
80.2 1031
80.2 1046
80.2 1119
80.2 1124
80.2 1137
80.2 1177
80.2 1183
80.2 1876
80.2 1878
80.3 961
80.3 1115
80.3 1116
80.3 1130
80.3 1176
80.3 1179
80.3 1496
80.3 1885
80.4 373
80.4 879
80.4 887
80.4 1125
80.4 1190
80.4 1325
80.4 1343
80.4 1386
80.4 1884
80.5 798
80.5 1121
80.5 1122
80.5 1123
80.5 1136
80.5 1140
80.5 1184
80.5 1191
80.6 357
80.6 381
80.6 765
80.6 1108
80.6 1117
80.6 1126
80.6 1127
80.6 1128
80.6 1131
80.6 1135
80.6 1141
80.6 1142
80.6 1187
80.7 361
80.7 970
80.7 1061
80.7 1120
80.7 1132
80.7 1134
80.7 1168
80.7 1298
80.7 1368
80.8 360
80.8 862
80.8 867
80.8 938
80.8 1139
80.8 1143
80.8 1306
80.8 1425
80.8 1898
80.8 3433
80.9 363
80.9 379
80.9 1174
80.9 1392
81 376
81 805
81 816
81 1076
81 1091
81.1 355
81.1 374
81.1 1173
81.1 1175
81.1 1301
81.1 1519
81.1 1880
81.2 356
81.2 841
81.2 1879
81.2 2712
81.3 382
81.3 976
81.3 1063
81.3 1097
81.3 1448
81.3 1466
81.3 1877
81.3 1890
81.3 1901
81.4 893
81.4 1188
81.4 1424
81.4 1479
81.4 1512
81.4 1883
81.4 3040
81.5 839
81.5 1064
81.5 1118
81.5 1129
81.5 1302
81.5 1508
81.5 1903
81.6 1488
81.6 1888
81.7 874
81.7 1133
81.7 1186
81.7 1886
81.7 1897
81.8 840
81.8 922
81.8 1162
81.8 1165
81.8 1451
81.9 1079
81.9 1375
81.9 1396
81.9 1893
82 354
82 372
82 1303
82.1 836
82.1 897
82.1 930
82.1 1189
82.1 1345
82.1 1352
82.2 375
82.2 1169
82.2 1171
82.2 1305
82.2 1467
82.3 265
82.3 1172
82.3 1300
82.3 1881
82.3 1892
82.4 369
82.4 882
82.4 1178
82.4 1296
82.5 377
82.5 993
82.5 1104
82.5 1316
82.5 1429
82.5 1500
82.6 784
82.6 910
82.6 1516
82.6 1882
82.6 1899
82.7 802
82.7 1166
82.7 1902
82.8 364
82.8 371
82.8 964
82.8 1361
82.8 1887
82.9 368
82.9 834
83 367
83 1138
83 1167
83 1433
83 1455
83.1 975
83.1 1119
83.1 1124
83.1 1137
83.1 1170
83.1 1181
83.1 1876
83.1 1878
83.1 1891
83.2 362
83.2 782
83.2 1115
83.2 1116
83.2 1130
83.2 1381
83.2 1885
83.3 373
83.3 380
83.3 1125
83.3 1185
83.4 1121
83.4 1122
83.4 1123
83.4 1136
83.4 1140
83.4 1180
83.4 1182
83.4 1884
83.5 357
83.5 381
83.5 962
83.5 1117
83.5 1126
83.5 1127
83.5 1128
83.5 1131
83.5 1135
83.5 1141
83.5 1142
83.5 1163
83.5 1192
83.5 1904
83.5 3313
83.6 361
83.6 378
83.6 990
83.6 1059
83.6 1120
83.6 1132
83.6 1134
83.6 1164
83.6 1177
83.6 1183
83.6 1464
83.6 1900
83.7 360
83.7 957
83.7 1139
83.7 1143
83.7 1176
83.7 1179
83.7 1395
83.7 1898
83.8 358
83.8 363
83.8 379
83.8 1060
83.8 1190
83.9 365
83.9 376
83.9 866
83.9 1184
84 355
84 374
84 919
84 1187
84 1520
84 1880
84.1 356
84.1 359
84.1 1168
84.1 1879
84.1 1895
84.2 382
84.2 1086
84.2 1304
84.2 1309
84.2 1877
84.2 1890
84.2 1901
84.3 1174
84.3 1883
84.4 873
84.4 1055
84.4 1118
84.4 1129
84.4 1323
84.4 1335
84.4 1411
84.4 1894
84.4 1903
84.5 818
84.5 1173
84.5 1175
84.5 1888
84.5 1889
84.6 788
84.6 953
84.6 1133
84.6 1428
84.6 1432
84.6 1886
84.6 1896
84.6 1897
84.7 845
84.7 1423
84.8 1053
84.8 1188
84.8 1289
84.8 1398
84.8 1893
84.9 354
84.9 372
84.9 941
84.9 1287
84.9 1337
85 366
85 1057
85 1487
85.1 375
85.1 1101
85.1 1186
85.2 545
85.2 838
85.2 948
85.2 1072
85.2 1162
85.2 1165
85.2 1356
85.2 1881
85.2 1892
85.3 369
85.3 983
85.3 1052
85.3 1319
85.3 1373
85.4 377
85.4 1027
85.4 1477
85.5 812
85.5 1105
85.5 1189
85.5 1350
85.5 1405
85.5 1899
85.6 1092
85.6 1169
85.6 1171
85.6 1902
85.7 364
85.7 371
85.7 1045
85.7 1090
85.7 1110
85.7 1172
85.7 1285
85.7 1407
85.7 1887
85.8 368
85.8 1087
85.8 1178
85.8 3794
85.9 367
85.9 928
85.9 1033
85.9 1138
85.9 1348
85.9 1882
85.9 2271
86 1119
86 1124
86 1137
86 1876
86 1878
86 1891
86.1 362
86.1 1056
86.1 1112
86.1 1115
86.1 1116
86.1 1130
86.1 1166
86.1 1282
86.1 1465
86.1 1885
86.1 3793
86.2 842
86.2 1067
86.2 1125
86.2 1312
86.3 1044
86.3 1081
86.3 1083
86.3 1121
86.3 1122
86.3 1123
86.3 1136
86.3 1140
86.3 1347
86.3 1884
86.4 357
86.4 373
86.4 381
86.4 1043
86.4 1117
86.4 1126
86.4 1127
86.4 1128
86.4 1131
86.4 1135
86.4 1141
86.4 1142
86.4 1167
86.4 1454
86.4 1904
86.4 2254
86.5 361
86.5 815
86.5 1120
86.5 1132
86.5 1134
86.5 1181
86.5 1280
86.5 1334
86.5 1900
86.6 360
86.6 1139
86.6 1143
86.6 1379
86.6 1898
86.6 2638
86.6 3799
86.7 363
86.7 379
86.7 971
86.7 1185
86.7 1291
86.7 1325
86.7 1343
86.7 1403
86.8 376
86.8 756
86.8 783
86.8 1180
86.8 1182
86.8 1370
86.8 1493
86.8 1500
86.9 355
86.9 380
86.9 1163
86.9 1192
86.9 1329
86.9 1422
86.9 1519
86.9 1880
87 374
87 992
87 1061
87 1177
87 1183
87 1279
87 1879
87.1 382
87.1 793
87.1 1085
87.1 1179
87.1 1410
87.1 1482
87.1 1890
87.1 1901
87.2 356
87.2 365
87.2 777
87.2 1082
87.2 1303
87.2 1418
87.2 1877
87.2 1883
87.3 1118
87.3 1129
87.3 1184
87.3 1399
87.3 1452
87.3 1903
87.4 359
87.4 1187
87.5 1133
87.5 1168
87.5 1300
87.5 1886
87.5 1897
87.6 888
87.6 1466
87.6 1505
87.7 1174
87.7 1190
87.7 1480
87.7 1893
87.8 354
87.8 372
87.8 1170
87.8 1310
87.8 1355
87.9 1164
87.9 1173
87.9 1175
88 375
88 934
88 955
88 1305
88 1437
88 1888
88.1 1025
88.1 1068
88.1 1302
88.1 1881
88.1 1892
88.2 358
88.2 369
88.2 1091
88.2 1283
88.2 1457
88.2 1473
88.2 1783
88.3 377
88.3 1441
88.4 378
88.4 1078
88.4 1352
88.4 1899
88.5 1062
88.5 1470
88.5 1479
88.5 1902
88.6 364
88.6 1162
88.6 1165
88.6 1349
88.6 1887
88.6 3588
88.7 368
88.8 367
88.8 786
88.8 984
88.8 1138
88.8 1362
88.8 1429
88.8 1468
88.8 1895
88.9 1119
88.9 1124
88.9 1137
88.9 1189
88.9 1442
88.9 1492
88.9 1876
88.9 1878
88.9 2256
88.9 2644
89 1034
89 1115
89 1116
89 1130
89 1169
89 1191
89 1318
89 1885
89.1 1076
89.1 1125
89.2 362
89.2 969
89.2 1121
89.2 1122
89.2 1123
89.2 1136
89.2 1140
89.2 1178
89.2 1307
89.2 1364
89.2 1409
89.2 1445
89.3 1117
89.3 1126
89.3 1127
89.3 1128
89.3 1131
89.3 1135
89.3 1141
89.3 1142
89.3 1490
89.3 2251
89.3 2643
89.4 361
89.4 1120
89.4 1132
89.4 1134
89.4 1444
89.4 1489
89.4 1882
89.5 360
89.5 1073
89.5 1139
89.5 1143
89.5 1166
89.5 1186
89.5 1365
89.5 1898
89.6 363
89.6 379
89.6 905
89.6 1113
89.6 2638
89.6 2660
89.7 376
89.7 381
89.7 853
89.7 952
89.7 1188
89.7 1290
89.7 1413
89.7 1488
89.7 1495
89.8 1108
89.8 1167
89.8 1328
89.8 1880
89.9 355
89.9 371
89.9 1181
89.9 1453
89.9 1484
89.9 1494
89.9 1879
90 357
90 382
90 1020
90 1395
90 2657
90.1 936
90.1 1035
90.1 1046
90.1 1185
90.1 2658
90.2 727
90.2 977
90.2 1118
90.2 1129
90.2 1180
90.2 1182
90.2 1327
90.2 1332
90.2 1890
90.2 1891
90.2 2650
90.3 538
90.3 763
90.3 1060
90.3 1099
90.3 1163
90.3 2550
90.3 2640
90.3 2648
90.4 1026
90.4 1133
90.4 1183
90.4 1372
90.4 1493
90.4 1498
90.4 1516
90.4 1884
90.4 1886
90.4 1897
90.4 2662
90.5 373
90.5 1086
90.5 1502
90.5 1877
90.5 2641
90.6 1308
90.6 1351
90.6 1367
90.6 1425
90.6 1480
90.6 1482
90.6 1893
90.7 372
90.7 1038
90.7 1184
90.7 1287
90.7 1335
90.7 1411
90.7 1503
90.7 1506
90.7 2661
90.8 1039
90.8 1063
90.8 1187
90.8 1520
90.9 1022
90.9 1168
90.9 1432
90.9 1464
91 354
91 1093
91 1391
91 1423
91 1455
91 1485
91 1881
91 1894
91 1903
91 2268
91 2654
91.1 369
91.1 791
91.1 1047
91.1 1053
91.1 1174
91.1 1901
91.2 377
91.2 1170
91.2 1190
91.2 1317
91.2 1427
91.2 1469
91.3 1094
91.3 1358
91.3 1460
91.4 1037
91.4 1426
91.4 1461
91.4 1902
91.5 1065
91.5 1072
91.5 1096
91.5 1111
91.5 1176
91.5 1487
91.6 1172
91.7 364
91.7 790
91.7 1138
91.7 1173
91.7 1315
91.7 1414
91.7 1505
91.8 1119
91.8 1124
91.8 1137
91.8 1876
91.8 1878
91.8 1883
91.9 260
91.9 1066
91.9 1092
91.9 1109
91.9 1115
91.9 1116
91.9 1130
91.9 1331
91.9 1385
91.9 1443
91.9 1479
91.9 1492
91.9 1892
92 1042
92 1045
92 1125
92 1162
92 1165
92 1369
92 1419
92 1448
92 2644
92.1 870
92.1 915
92.1 1052
92.1 1087
92.1 1121
92.1 1122
92.1 1123
92.1 1136
92.1 1140
92.1 1388
92.1 1500
92.1 1504
92.1 1887
92.2 972
92.2 1033
92.2 1104
92.2 1117
92.2 1126
92.2 1127
92.2 1128
92.2 1131
92.2 1135
92.2 1141
92.2 1142
92.2 1171
92.2 1394
92.2 1477
92.3 367
92.3 1120
92.3 1132
92.3 1134
92.3 1164
92.3 1189
92.3 1481
92.3 1511
92.3 1899
92.3 2244
92.4 933
92.4 1110
92.4 1112
92.4 1139
92.4 1143
92.4 1169
92.4 1398
92.4 2254
92.4 2822
92.5 379
92.5 1354
92.5 1489
92.5 2638
92.6 376
92.6 807
92.6 1017
92.6 1081
92.6 1083
92.6 1177
92.6 1178
92.6 1342
92.7 361
92.7 1041
92.7 1043
92.7 1055
92.7 1069
92.7 1348
92.7 1386
92.7 1880
92.7 2651
92.8 359
92.8 363
92.8 718
92.8 1051
92.8 1179
92.8 1499
92.8 1879
92.8 2826
92.9 382
92.9 646
92.9 814
92.9 878
92.9 991
92.9 1048
92.9 1049
92.9 1166
92.9 1186
92.9 1368
92.9 1396
92.9 2646
92.9 2660
93 1040
93 1057
93 1175
93 1325
93 1488
93 1491
93 1898
93 2265
93.1 1054
93.1 1100
93.1 1118
93.1 1129
93.1 1344
93.1 2659
93.2 362
93.2 368
93.2 1059
93.2 1103
93.2 1191
93.2 1431
93.2 1433
93.3 1061
93.3 1133
93.3 1181
93.3 1299
93.3 1496
93.3 1498
93.3 1501
93.3 1886
93.3 1888
93.3 1897
93.4 355
93.4 736
93.4 1085
93.4 1338
93.4 1462
93.4 1890
93.5 380
93.5 720
93.5 1036
93.5 1082
93.5 1095
93.5 1185
93.5 1478
93.5 1490
93.5 1515
93.5 1893
93.5 1900
93.5 2637
93.5 2639
93.5 3581
93.6 360
93.6 372
93.6 1107
93.6 1180
93.6 1182
93.6 1188
93.6 1428
93.6 2266
93.7 1114
93.7 1163
93.7 1167
93.8 356
93.8 1183
93.8 1482
93.8 1885
93.9 1023
93.9 1088
93.9 1334
94 369
94 1339
94 1403
94 1519
94 1881
94.1 1050
94.1 1184
94.1 1350
94.1 1406
94.1 1493
94.1 1903
94.2 377
94.2 1064
94.2 1187
94.2 1400
94.2 1495
94.2 1882
94.2 2240
94.3 801
94.3 949
94.3 1168
94.3 1494
94.3 2249
94.3 2257
94.4 1467
94.4 1877
94.4 1901
94.5 357
94.5 1024
94.5 1075
94.5 1091
94.5 1101
94.5 1174
94.5 1457
94.5 1473
94.5 1902
94.5 2640
94.6 364
94.6 375
94.6 381
94.6 865
94.6 1029
94.6 1138
94.6 1170
94.6 1190
94.6 1192
94.6 2643
94.6 2664
94.7 371
94.7 373
94.7 1068
94.7 1119
94.7 1124
94.7 1137
94.7 1876
94.7 1878
94.7 2648
94.8 1062
94.8 1115
94.8 1116
94.8 1130
94.8 1470
94.8 1892
94.9 1125
94.9 1176
94.9 1324
95 354
95 1121
95 1122
95 1123
95 1136
95 1140
95 1172
95 1479
95 1492
95 2267
95.1 1090
95.1 1117
95.1 1126
95.1 1127
95.1 1128
95.1 1131
95.1 1135
95.1 1141
95.1 1142
95.1 1173
95.1 1362
95.1 1505
95.1 1887
95.2 367
95.2 776
95.2 858
95.2 1106
95.2 1120
95.2 1132
95.2 1134
95.2 1316
95.2 1422
95.3 366
95.3 1034
95.3 1074
95.3 1077
95.3 1102
95.3 1139
95.3 1143
95.3 1483
95.4 379
95.4 1080
95.4 1162
95.4 1165
95.4 1321
95.4 1341
95.4 1484
95.4 1889
95.4 1895
95.4 3442
95.5 358
95.5 376
95.5 958
95.5 1044
95.5 1364
95.5 1399
95.5 1899
95.6 361
95.6 994
95.6 1171
95.6 1337
95.6 1340
95.6 1485
95.6 1504
95.6 1509
95.6 1880
95.7 363
95.7 374
95.7 733
95.7 778
95.7 967
95.7 1056
95.7 1058
95.7 1189
95.7 1356
95.7 1499
95.7 1507
95.7 1879
95.7 1883
95.7 3582
95.8 378
95.8 382
95.8 1073
95.8 1169
95.8 1412
95.8 1481
95.8 1489
95.8 2259
95.8 3431
95.9 644
95.9 924
95.9 1113
95.9 1374
95.9 1506
95.9 1898
95.9 2638
95.9 3584
96 1097
96 1105
96 1118
96 1129
96 1177
96 1178
96 1300
96 1904
96.1 362
96.1 368
96.1 1108
96.1 1500
96.1 1785
96.2 1133
96.2 1179
96.2 1498
96.2 1884
96.2 1886
96.2 1897
96.3 355
96.3 1166
96.3 1395
96.3 1487
96.3 1497
96.3 1888
96.3 1890
96.4 753
96.4 1028
96.4 1046
96.4 1164
96.4 1175
96.4 1893
96.4 2250
96.5 359
96.5 360
96.5 372
96.5 1486
96.5 1503
96.5 1891
96.6 1060
96.6 1099
96.6 1191
96.6 1896
96.6 1900
96.6 2649
96.7 356
96.7 1181
96.7 1496
96.7 1502
96.7 1885
96.7 1894
96.8 1086
96.8 1310
96.8 3444
96.9 369
96.9 1185
96.9 1347
96.9 1482
96.9 1881
96.9 2644
97 1038
97 1180
97 1182
97 1188
97 1296
97 1480
97 1493
97 1903
97 2641
97.1 377
97.1 854
97.1 1035
97.1 1039
97.1 1063
97.1 1078
97.1 1079
97.1 1163
97.1 1167
97.1 1501
97.1 1520
97.1 1882
97.1 2281
97.2 380
97.2 1183
97.2 1186
97.2 1289
97.2 1404
97.2 1432
97.2 1478
97.2 1494
97.3 365
97.3 1093
97.3 1391
97.3 1423
97.3 1901
97.4 357
97.4 370
97.4 833
97.4 1047
97.4 1053
97.4 1438
97.4 1488
97.4 1495
97.4 1902
97.4 2066
97.5 263
97.5 364
97.5 381
97.5 1138
97.5 1184
97.5 1508
97.5 2245
97.5 2263
97.6 371
97.6 373
97.6 375
97.6 1094
97.6 1119
97.6 1124
97.6 1137
97.6 1291
97.6 1393
97.6 1876
97.6 1877
97.6 1878
97.7 1037
97.7 1115
97.7 1116
97.7 1130
97.7 1168
97.7 1279
97.7 1320
97.7 1343
97.7 1345
97.7 1892
97.8 1065
97.8 1072
97.8 1096
97.8 1125
97.8 1491
97.9 354
97.9 1121
97.9 1122
97.9 1123
97.9 1136
97.9 1140
97.9 1174
97.9 1307
97.9 1329
97.9 1479
98 1117
98 1126
98 1127
98 1128
98 1131
98 1135
98 1141
98 1142
98 1170
98 1190
98 1360
98 1492
98 1505
98 1511
98 1887
98.1 367
98.1 1120
98.1 1132
98.1 1134
98.1 1187
98.1 1490
98.2 366
98.2 732
98.2 1066
98.2 1092
98.2 1109
98.2 1139
98.2 1143
98.2 1282
98.2 1385
98.2 1483
98.3 379
98.3 1042
98.3 1045
98.3 1084
98.3 1176
98.3 1484
98.3 1515
98.4 358
98.4 376
98.4 739
98.4 1052
98.4 1087
98.4 1285
98.4 1899
98.5 361
98.5 730
98.5 828
98.5 1880
98.5 1889
98.6 363
98.6 374
98.6 723
98.6 1104
98.6 1879
98.6 1883
98.6 3801
98.7 378
98.7 382
98.7 1110
98.7 1112
98.7 1192
98.7 1286
98.7 2660
98.8 721
98.8 1162
98.8 1165
98.8 1278
98.8 1481
98.8 1489
98.8 1519
98.8 1898
98.9 1081
98.9 1083
98.9 1118
98.9 1129
98.9 1287
98.9 1294
98.9 1474
98.9 1904
99 362
99 368
99 544
99 1041
99 1043
99 1055
99 1069
99 1171
99 1298
99 1499
99 1500
99 1506
99.1 1051
99.1 1133
99.1 1189
99.1 1352
99.1 1498
99.1 1504
99.1 1884
99.1 1886
99.1 1897
99.2 355
99.2 1048
99.2 1049
99.2 1169
99.2 1383
99.2 1487
99.2 1888
99.2 1890
99.3 1040
99.3 1057
99.3 1893
99.4 359
99.4 360
99.4 372
99.4 749
99.4 1054
99.4 1100
99.4 1177
99.4 1178
99.4 1437
99.4 1451
99.4 1503
99.4 1891
99.4 1895
99.5 731
99.5 1059
99.5 1293
99.5 1896
99.5 1900
99.6 356
99.6 734
99.6 1061
99.6 1885
99.7 1070
99.7 1076
99.7 1085
99.7 1098
99.7 1166
99.7 1466
99.7 1502
99.8 369
99.8 719
99.8 745
99.8 1036
99.8 1082
99.8 1164
99.8 1175
99.8 1290
99.8 1309
99.8 1881
99.9 1107
99.9 1302
99.9 1375
99.9 1480
99.9 1485
99.9 1493
99.9 1903
99.9 2638
100 377
100 1095
100 1114
100 1355
100 1482
100 1501
100 1882
100 2063
100.1 380
100.1 1181
100.1 1276
100.1 1494
100.1 1497
100.2 365
100.2 717
100.2 1103
100.2 1381
100.2 1405
100.2 1901
100.3 357
100.3 1185
100.3 1280
100.3 1488
100.3 1495
100.3 1902
100.4 364
100.4 381
100.4 1050
100.4 1138
100.4 1182
100.4 1486
100.4 1894
100.4 2242
100.5 371
100.5 373
100.5 375
100.5 1064
100.5 1119
100.5 1124
100.5 1137
100.5 1507
100.5 1876
100.5 1877
100.5 1878
100.5 2825
100.6 1115
100.6 1116
100.6 1130
100.6 1167
100.6 1183
100.6 1191
100.6 1516
100.6 1892
100.7 1125
100.7 1384
100.7 1421
100.8 354
100.8 679
100.8 740
100.8 1075
100.8 1101
100.8 1121
100.8 1122
100.8 1123
100.8 1136
100.8 1140
100.8 1289
100.8 1479
100.9 1117
100.9 1126
100.9 1127
100.9 1128
100.9 1131
100.9 1135
100.9 1141
100.9 1142
100.9 1184
100.9 1296
100.9 1478
100.9 1505
100.9 1887
101 367
101 663
101 1068
101 1120
101 1132
101 1134
101 1163
101.1 366
101.1 370
101.1 1062
101.1 1139
101.1 1143
101.1 1168
101.1 1496
101.1 3589
101.2 379
101.2 756
101.2 2065
101.3 358
101.3 376
101.3 744
101.3 859
101.3 1292
101.3 1514
101.3 1899
101.4 361
101.4 1090
101.4 1170
101.4 1180
101.4 1323
101.4 1483
101.4 1880
101.4 1889
101.5 363
101.5 374
101.5 1106
101.5 1879
101.5 1883
101.6 378
101.6 382
101.6 1034
101.6 1074
101.6 1077
101.6 1102
101.6 1173
101.6 1372
101.7 1176
101.7 1898
101.7 2639
101.8 742
101.8 1044
101.8 1118
101.8 1129
101.8 1297
101.8 1489
101.8 1904
101.9 362
101.9 368
101.9 1188
101.9 1392
101.9 1490
101.9 1492
101.9 1499
101.9 1500
101.9 1520
102 1056
102 1058
102 1133
102 1174
102 1884
102 1886
102 1897
102.1 355
102.1 1073
102.1 1286
102.1 1487
102.1 1498
102.1 1888
102.1 1890
102.2 725
102.2 1165
102.2 1186
102.2 1512
102.2 1518
102.2 1893
102.3 359
102.3 360
102.3 372
102.3 1105
102.3 1508
102.3 1891
102.3 1895
102.4 542
102.4 1108
102.4 1171
102.4 1192
102.4 1484
102.4 1896
102.4 1900
102.5 356
102.5 1189
102.5 1299
102.5 1521
102.5 1885
102.6 727
102.6 2643
102.6 2662
102.7 369
102.7 1046
102.7 1881
102.8 1088
102.8 1178
102.8 1493
102.8 1511
102.8 1903
102.8 2638
102.9 377
102.9 1060
102.9 1099
102.9 1482
102.9 1882
103 380
103 1179
103 1295
103 1494
103.1 365
103.1 1086
103.1 1166
103.1 1491
103.1 1515
103.1 1901
103.2 357
103.2 1175
103.2 1480
103.2 1488
103.2 1495
103.2 1509
103.2 1902
103.2 2648
103.3 364
103.3 381
103.3 1038
103.3 1138
103.3 1304
103.3 1501
103.3 1791
103.3 1894
103.3 2644
103.3 2661
103.3 3033
103.4 371
103.4 373
103.4 375
103.4 1035
103.4 1039
103.4 1078
103.4 1097
103.4 1119
103.4 1124
103.4 1137
103.4 1418
103.4 1876
103.4 1877
103.4 1878
103.5 1115
103.5 1116
103.5 1130
103.5 1181
103.5 1892
103.6 1093
103.6 1125
103.6 1423
103.6 1503
103.6 1519
103.7 354
103.7 728
103.7 1053
103.7 1121
103.7 1122
103.7 1123
103.7 1136
103.7 1140
103.7 1185
103.7 1465
103.7 1481
103.7 1502
103.8 1117
103.8 1126
103.8 1127
103.8 1128
103.8 1131
103.8 1135
103.8 1141
103.8 1142
103.8 1182
103.8 1887
103.9 367
103.9 1120
103.9 1132
103.9 1134
103.9 1504
104 366
104 370
104 1139
104 1143
104 1183
104 2660
104.1 379
104.1 1065
104.1 1072
104.1 1169
104.2 358
104.2 376
104.2 1354
104.2 1370
104.2 1899
104.3 361
104.3 1184
104.3 1485
104.3 1505
104.3 1880
104.3 1889
104.3 2650
104.3 3031
104.4 363
104.4 374
104.4 1163
104.4 1879
104.4 1883
104.5 378
104.5 382
104.5 1066
104.5 1092
104.5 1109
104.5 1168
104.6 1042
104.6 1045
104.6 1084
104.6 1411
104.6 1898
104.6 2641
104.7 1052
104.7 1087
104.7 1118
104.7 1129
104.7 1904
104.7 2658
104.8 362
104.8 368
104.8 1080
104.8 1170
104.8 1479
104.8 1500
104.9 1096
104.9 1104
104.9 1133
104.9 1167
104.9 1886
104.9 1897
105 355
105 1110
105 1112
105 1191
105 1487
105 1498
105 1888
105 1890
105 2646
105.1 1176
105.1 1499
105.1 1884
105.1 1893
105.2 359
105.2 360
105.2 372
105.2 1891
105.2 1895
105.3 1043
105.3 1055
105.3 1069
105.3 1483
105.3 1507
105.3 1896
105.3 1900
105.4 356
105.4 1051
105.4 1486
105.4 1516
105.4 1885
105.4 2651
105.5 1048
105.5 1049
105.5 2652
105.5 3022
105.6 369
105.6 1040
105.6 1057
105.6 1081
105.6 1490
105.6 1881
105.7 1054
105.7 1067
105.7 1091
105.7 1100
105.7 1188
105.7 1356
105.7 1478
105.7 1903
105.7 3038
105.8 377
105.8 1059
105.8 1493
105.8 1882
105.8 2067
105.8 2638
105.9 380
105.9 1061
105.9 1174
105.9 1189
105.9 1517
106 365
106 1085
106 1177
106 1492
106 1901
106.1 357
106.1 1489
106.1 1902
106.1 2060
106.2 364
106.2 381
106.2 1138
106.2 1298
106.2 1495
106.2 1894
106.3 371
106.3 373
106.3 375
106.3 1114
106.3 1119
106.3 1124
106.3 1137
106.3 1876
106.3 1877
106.3 1878
106.3 2659
106.4 1115
106.4 1116
106.4 1130
106.4 1892
106.4 2644
106.5 1036
106.5 1125
106.5 2637
106.5 2639
106.6 354
106.6 1121
106.6 1122
106.6 1123
106.6 1136
106.6 1140
106.6 1175
106.6 1484
106.7 1117
106.7 1126
106.7 1127
106.7 1128
106.7 1131
106.7 1135
106.7 1141
106.7 1142
106.7 1887
106.8 367
106.8 1094
106.8 1120
106.8 1132
106.8 1134
106.8 1488
106.8 1506
106.9 366
106.9 1139
106.9 1143
107 379
107 1190
107 3023
107.1 358
107.1 376
107.1 1075
107.1 1501
107.1 1899
107.1 2640
107.2 361
107.2 1182
107.2 1482
107.2 1880
107.2 2643
107.3 363
107.3 374
107.3 1468
107.3 1879
107.3 1883
107.4 378
107.4 382
107.4 1183
107.4 3039
107.5 1898
107.6 1118
107.6 1129
107.6 1505
107.6 2648
107.7 362
107.7 368
107.7 1090
107.7 1409
107.7 1496
107.8 1133
107.8 1375
107.8 1886
107.8 1897
107.9 355
107.9 1034
107.9 1102
107.9 1520
107.9 1888
107.9 1890
107.9 2660
107.9 3440
108 1500
108 1884
108 1893
108.1 269
108.1 359
108.1 360
108.1 372
108.1 1180
108.1 1479
108.1 1891
108.1 1895
108.2 1511
108.2 1896
108.2 1900
108.2 2059
108.2 2657
108.3 356
108.3 1499
108.3 1885
108.3 1889
108.4 1073
108.4 1487
108.5 369
108.5 1881
108.5 1904
108.5 3439
108.6 370
108.6 1497
108.6 1903
108.6 2658
108.6 3010
108.7 377
108.7 1882
108.7 2062
108.8 380
108.8 1498
108.9 365
108.9 857
108.9 1494
108.9 1519
108.9 1901
108.9 2649
109 268
109 357
109 1166
109 1902
109.1 364
109.1 381
109.1 1138
109.1 1894
109.2 371
109.2 373
109.2 1119
109.2 1124
109.2 1137
109.2 1876
109.2 1877
109.2 1878
109.3 375
109.3 1115
109.3 1116
109.3 1130
109.3 1892
109.3 2652
109.4 1125
109.4 1789
109.5 354
109.5 1121
109.5 1122
109.5 1123
109.5 1136
109.5 1140
109.5 1480
109.6 1117
109.6 1126
109.6 1127
109.6 1128
109.6 1131
109.6 1135
109.6 1141
109.6 1142
109.6 1887
109.7 367
109.7 1120
109.7 1132
109.7 1134
109.8 366
109.8 1139
109.8 1143
109.9 379
110 358
110 376
110 1493
110 1899
110.1 361
110.1 1495
110.1 1880
110.2 363
110.2 374
110.2 1879
110.2 1883
110.2 3803
110.3 378
110.3 382
110.3 1492
110.3 1502
110.4 1898
110.4 2654
110.5 1118
110.5 1129
110.5 1508
110.6 362
110.6 368
110.6 1516
110.7 1133
110.7 1886
110.7 1897
110.8 355
110.8 1306
110.8 1888
110.8 1890
110.9 1361
110.9 1893
110.9 3430
111 359
111 360
111 372
111 1488
111 1891
111 1895
111.1 1900
111.2 1884
111.2 1885
111.3 1305
111.3 1410
111.4 369
111.4 1881
111.5 1903
111.6 377
111.6 1482
111.6 1896
111.8 1901
111.9 357
111.9 1902
112 365
112 381
112 1138
112 2638
112.1 1119
112.1 1124
112.1 1137
112.1 1876
112.1 1878
112.2 1115
112.2 1116
112.2 1130
112.2 1892
112.2 3435
112.3 370
112.3 1125
112.4 1121
112.4 1122
112.4 1123
112.4 1136
112.4 1140
112.4 1882
112.4 1889
112.5 1117
112.5 1126
112.5 1127
112.5 1128
112.5 1131
112.5 1135
112.5 1141
112.5 1142
112.6 354
112.6 380
112.6 1120
112.6 1132
112.6 1134
112.7 367
112.7 1139
112.7 1143
112.7 3804
112.8 375
112.8 379
112.9 376
113 373
113 1877
113 1880
113 1887
113.1 363
113.1 1899
113.2 1487
113.3 1883
113.3 2661
113.4 1118
113.4 1129
113.5 891
113.6 1133
113.6 1897
114 364
114 371
114 2828
114.1 1886
114.1 1898
114.2 355
114.3 1879
114.6 361
114.6 372
114.7 362
114.9 368
114.9 1138
115 1119
115 1137
115.1 1115
115.1 1116
115.1 1130
115.1 3443
115.2 1881
115.3 1122
115.3 1136
115.4 1140
115.4 1142
115.5 369
115.5 1132
115.6 382
115.9 1123
115.9 1131
116.1 1128
116.2 1126
116.3 1127
116.6 1876
117 1788
117.6 2064
117.9 539
117.9 3427
118.4 3586
120.1 3798
120.8 2824
120.9 2820
121.4 2552
122.5 3309
123.7 3438
124.2 2553
124.3 3307
125.2 2546
125.7 3042
125.9 2272
126.5 2827
127.2 2826
127.6 2821
128.6 3587
128.8 2063
132.6 541
133.4 750
133.7 1792
135.2 2275
135.5 2274
135.6 2279
136.2 757
136.2 3795
136.5 2273
136.7 1784
136.7 2677
137.3 2671
137.8 262
138.1 2676
139.1 2667
139.5 1510
139.8 1154
139.9 387
139.9 746
140 2670
140.2 389
140.3 1911
140.4 383
140.5 384
140.8 755
141 1914
141.1 1912
141.3 390
141.5 1907
141.5 1921
141.7 1918
141.7 2680
142 1910
142.1 400
142.1 3313
142.2 3032
142.4 391
142.5 1915
142.5 3432
142.6 394
142.6 1149
142.7 386
142.7 398
142.8 1909
143 392
143 1919
143.3 1150
143.4 1146
143.4 3792
143.6 2066
143.7 1158
143.8 388
144 1144
144 1916
144.1 1148
144.1 1157
144.1 1161
144.2 1920
144.3 1913
144.4 1155
144.5 393
144.5 395
144.6 1152
144.8 2683
144.9 1156
145.3 3583
145.8 1160
145.8 1906
146.1 1917
146.5 3437
146.7 2278
146.8 399
146.9 1905
147.1 1159
147.3 1145
147.5 385
147.6 3444
147.8 1151
147.8 2682
148.1 383
148.1 3037
148.8 1513
148.9 1147
148.9 2674
149 1153
149 1922
149 2277
149.1 2061
149.2 754
149.2 760
149.5 537
150.6 2672
151.2 3034
151.3 396
151.6 3312
151.8 2679
152.2 390
152.2 2678
153 1154
154 748
154 3036
154.3 2545
154.6 269
155.3 1915
155.8 1030
156.1 1514
157.5 3033
157.6 1155
159.1 2067
159.3 394
159.8 1789
160 261
160.6 3040
162.6 2065
163.1 1028
163.4 3310
164.1 1785
164.9 1918
164.9 2552
164.9 3431
165.2 539
165.4 1910
166.6 751
167 1144
167.5 400
167.5 2548
167.6 2269
167.9 387
168.7 2668
169.1 753
169.2 1790
169.6 1908
169.8 1914
170.3 3797
170.7 2282
171.1 3030
171.2 1517
172 3438
172.3 2675
172.7 540
172.7 544
173.8 538
174.5 3796
175.3 1510
175.3 3306
175.4 3427
175.5 1917
175.6 2546
175.8 1518
176.6 2666
177.1 1793
178.5 1158
178.7 395
179 3794
179.5 271
180.3 1029
180.3 1148
180.3 2823
180.8 263
181.4 1912
181.8 2268
181.9 2676
183.7 2276
183.7 3588
184.3 1145
184.5 270
185 2281
185.8 543
186 1161
186.7 1786
186.8 393
186.8 1156
188.5 1909
188.5 3307
188.9 398
188.9 1306
189.1 2272
189.1 3582
189.2 3305
190.1 747
190.5 1024
191 2673
191.3 397
191.6 2064
191.7 2677
192.2 2828
192.9 391
193.7 386
194 2059
194.6 2277
194.9 385
194.9 2544
195.1 1152
195.1 2683
195.7 3793
195.8 2822
196.3 1304
196.4 2821
196.4 3428
196.6 1157
197.2 1783
197.3 3801
197.6 2271
197.6 3041
197.9 1788
199.6 2551
199.7 264
199.7 1916
200.6 1153
201.2 749
201.7 3436
201.8 2825
202 3589
202.8 1511
203.8 1032
203.9 3311
205.3 1907
205.4 2549
205.6 540
205.9 265
206.2 542
206.6 1026
208.7 2280
208.8 1791
209 1918
209.8 1521
209.9 3312
210.8 2060
210.9 1905
215.1 1303
215.4 388
215.7 3581
215.9 538
217.4 1151
217.8 759
219.1 3584
219.6 3790
219.7 3432
219.8 757
220.1 750
220.3 2678
220.5 1513
221 3433
221.2 2667
221.3 1518
221.7 2062
221.7 2671
221.7 3437
222.5 1298
223.2 1156
223.2 3803
223.9 1915
224.9 545
224.9 1022
225 3588
226 3443
226.1 396
226.1 3440
227.2 2279
227.5 2681
227.6 755
228.3 2270
228.5 1159
228.5 2550
228.6 3035
229 1914
229.4 383
229.8 1301
230.9 3804
231 1789
231.4 3586
231.9 3036
232 2065
232.2 1147
232.3 3427
232.9 1149
233.3 1922
233.5 1146
233.8 3434
234 1790
235.4 3029
235.9 1029
236 268
236.4 3308
237.2 753
237.6 393
238.6 1028
238.7 392
239.1 2669
239.7 3431
240.2 1027
240.3 1150
240.4 3583
240.7 387
240.9 1305
241.3 1023
241.5 1030
242.1 267
242.4 386
243.6 1912
244.1 3034
245.8 2666
245.9 2827
245.9 3796
246.5 2276
247.9 1161
248.5 2676
250.5 2670
250.7 2066
252.1 3438
252.3 2546
252.5 1791
252.6 1510
253 2825
253.2 2552
253.7 760
254 758
255.2 2554
255.7 2273
255.7 3040
256 3435
256.1 1148
256.4 1144
256.8 2275
257.5 2067
257.5 3315
257.7 2677
258.1 1155
258.2 2822
258.9 264
259.3 1025
259.5 3439
259.6 3582
259.9 1908
259.9 1911
260.2 1910
260.5 1304
260.5 2271
261.3 1514
261.3 3589
261.9 1515
262.1 1507
262.3 3800
264.3 544
264.7 3429
264.8 394
265.4 1785
266.2 3587
266.8 400
269.3 2545
269.4 2674
270.6 541
271.2 756
271.8 1032
271.9 2551
273 1783
273.5 1511
273.6 1299
273.9 1024
274.2 1915
274.4 749
274.8 1302
276 1518
276.4 3037
276.7 1031
276.9 262
277.2 3799
277.9 3310
278.2 2821
279 3432
279.4 1792
279.4 1909
279.5 399
280.1 537
280.3 1788
280.4 270
280.5 3313
280.7 390
281.2 3032
281.4 3039
281.7 746
282.2 3440
282.6 3442
283.3 1508
283.3 3797
285.1 3672
285.6 3307
285.8 545
285.8 2672
285.9 269
286.1 1784
287.3 1905
287.7 2676
287.9 2820
288 543
289.1 2277
290 754
290.5 1023
290.8 3801
291.2 751
291.6 263
292.7 1030
293.1 2679
293.3 3428
293.6 2827
293.8 384
294.1 383
294.1 2059
294.2 1301
294.6 1917
294.7 1305
296.2 387
296.6 2064
297.2 2279
297.5 271
298 1517
298.6 2671
299 1913
299.4 1146
299.4 3033
299.7 3586
299.9 1513
301 752
301.4 1145
302.1 3431
302.5 542
304.2 1520
304.5 1027
304.8 3583
305.8 3312
307 3582
307.1 3031
308.5 29
308.5 3427
309 3443
309.4 3793
309.5 1152
309.7 2060
310.2 3798
310.9 1154
311.3 2823
311.6 1910
312.1 2680
312.4 2282
313.3 1157
313.9 538
314.1 3314
314.4 1916
314.4 2061
314.6 3036
315.1 3038
316.4 2546
316.9 3029
317 392
317.1 3308
317.2 1149
317.9 1153
318.6 759
319.2 2828
319.5 2683
319.6 1514
319.9 755
320.2 1905
320.4 268
320.8 3581
321.2 385
321.5 1304
321.6 3306
322.5 3588
323 395
323 753
323.8 265
324 2281
324.9 2552
325.5 748
325.5 1510
325.8 1029
327.2 3035
327.6 3436
327.8 400
328 1914
328.3 2063
328.6 396
328.6 1303
328.6 1909
328.7 2682
329.4 388
329.4 3039
329.5 2278
329.6 3042
330.7 2824
331 2276
331.2 3792
331.5 1783
331.5 1918
332.4 3796
332.8 3433
333.1 267
333.4 2062
333.9 2678
335.7 3437
335.8 2667
336.2 2826
337.3 393
337.9 1421
338.1 2668
339.3 1911
339.4 747
340.6 1786
340.9 389
341.2 2820
341.3 3791
341.4 756
342.3 1789
344.5 1791
345.2 1032
345.4 1520
345.9 2064
346.1 1300
346.1 2822
347.2 537
347.2 2275
349.6 3794
349.7 3444
350.2 1511
350.5 2269
350.8 1299
352 266
352.5 1161
353.3 3799
353.4 540
353.7 1151
353.7 1785
354.2 1028
354.4 3440
354.4 3582
354.5 2271
355 2065
356 1915
356.6 3804
356.9 2551
357.2 2547
357.5 3797
357.6 1157
358 539
358.3 2066
358.6 2272
358.8 1155
359.5 2067
359.6 1922
360 269
360 3313
360.7 1508
360.8 2550
360.9 390
362 2680
362.1 394
362.2 1145
362.4 2677
362.7 1301
363.4 263
363.5 1790
364.5 1912
365.1 1302
365.8 1156
365.8 1521
366.3 749
367.6 1144
367.7 2670
368.4 1514
368.5 542
369.1 757
370 1920
370.8 3438
371.3 750
371.5 1024
371.5 3037
371.6 1906
371.8 1516
371.9 2681
372.1 2282
372.2 3584
373 2825
373.6 1150
373.6 3589
375.3 3432
375.6 3042
375.7 383
376.3 3032
377 3588
377.7 3040
378.6 2274
379 3793
380 1510
381.5 3434
381.8 1298
382 2675
382.6 3311
382.6 3801
382.9 270
383.1 2544
383.3 3442
383.6 538
383.7 3043
384 1154
384.6 2827
384.6 3034
385.8 387
385.8 1148
386.1 3802
386.5 1306
386.6 2060
386.6 2546
386.7 2279
387.4 386
387.7 3306
388.1 1509
388.3 392
388.5 3312
388.8 754
390.2 2673
390.5 2666
390.7 1023
390.7 2671
391.1 3310
391.8 2059
392 1917
392.2 3436
392.7 1914
393 3427
393.4 3798
393.6 753
394.5 3041
395.4 3435
395.5 1153
396 2823
396.1 3790
396.3 262
396.7 545
397.1 1029
397.4 3033
398.5 1910
398.9 2034
399.3 3031
399.7 271
400.3 391
400.6 1905
401 2553
401.1 1030
402.4 2821
402.7 3305
402.8 1919
404.5 1152
405.7 3797
406.2 3441
407.1 2679
407.7 1303
407.9 268
409.1 3315
410.1 2273
410.4 2276
410.6 544
411 1028
411.2 1911
411.6 1305
412.6 1921
412.7 537
413.6 399
414.1 1513
414.5 3800
415 3036
415.1 2003
415.3 1144
415.7 1909
416 388
416.1 1512
416.9 2552
417 3431
417.1 2549
417.2 1785
417.6 3433
417.7 3439
417.9 395
418.8 3030
420.2 747
420.5 3307
420.6 2825
422 1916
422.4 2670
422.5 2678
422.8 389
422.9 3309
423 2065
423.9 757
424.2 1156
425.1 1515
425.3 1022
425.6 3040
425.7 1145
426 2677
426 3438
426.4 3440
427.5 1025
427.8 394
427.8 2063
427.8 2826
428.7 1783
429.3 1520
429.8 1508
429.9 387
430.8 1791
431.1 1300
431.3 2277
432.4 2822
432.5 759
432.5 2060
433 1155
433.1 2280
433.6 3582
434 538
434.3 3796
434.4 1518
434.4 3432
435.1 3444
435.2 2275
435.3 1793
435.8 3581
436.7 3038
436.9 3791
437.2 1027
437.4 2271
438 543
439.5 1149
440.6 1914
440.9 262
441.4 1514
442.5 266
443 400
443.1 2828
443.8 1299
444.4 2551
444.6 3583
444.9 3032
445.4 2548
445.8 537
445.8 3434
446.3 1790
447.1 3795
449 2671
449.6 2272
449.9 746
449.9 2061
450.8 2676
450.8 3314
450.8 3437
451.2 384
451.2 1301
451.2 3428
452 3442
452.4 753
452.5 267
452.7 3430
452.8 749
453.5 1918
453.8 386
454.4 1031
455.4 542
455.5 3034
455.8 756
456 1158
456.4 3313
456.5 2680
457.4 390
458.2 1148
458.2 2668
458.5 393
459.5 3312
460.4 2550
460.6 545
460.6 3588
461.3 1915
461.7 3029
462.4 2824
463 758
464.6 383
464.7 1024
465 1912
465.5 2667
466 2673
466.6 3427
466.9 3797
467.1 1030
467.3 3801
467.5 3587
467.5 3793
468.2 1303
468.7 2067
469.1 2677
469.4 3041
469.6 1029
469.8 760
470 2066
470.6 3794
470.7 3315
471.2 261
471.3 750
471.5 2821
471.6 2546
472.2 3308
472.6 1906
472.7 268
472.8 1157
473.3 1517
473.5 1905
473.7 3585
475 1510
475.3 1150
475.4 752
477.1 3306
477.5 2279
479.3 392
479.3 2682
479.6 2547
479.9 1913
480.4 3440
481.1 1153
481.3 2674
481.4 1509
481.6 2274
483.2 751
484 1516
484.8 2064
486.1 3798
486.5 263
487.2 1032
487.2 1300
487.4 2552
487.7 3042
488.3 2679
488.8 1305
489 2822
489.4 2553
489.7 1023
489.8 2269
490.3 385
490.5 3033
490.9 3307
491 757
491.1 544
491.1 3803
491.6 1304
491.7 1910
492 3584
492.9 2666
493.3 1146
493.3 3589
494.8 3436
495.4 1784
495.6 3583
496.7 2823
497.9 3431
498.2 1788
498.4 1787
498.7 2280
499.1 1151
499.4 1791
499.9 1920
499.9 3792
500.3 2062
500.7 269
500.7 2675
500.9 1161
501.3 3443
502.2 1298
502.2 3311
503.5 264
503.6 1152
504.3 15
504.4 271
505 2066
505.1 1144
505.2 542
505.4 1025
505.4 3582
505.6 1511
505.7 3037
507.1 3435
507.7 537
507.9 2276
508.4 2678
508.7 543
508.7 2275
509.2 2820
509.6 1785
509.7 539
509.7 3038
510 396
510.6 400
510.9 1155
512 1783
512.7 3586
513.8 1026
515.7 2670
515.7 3313
516.1 1030
516.2 3032
516.6 2270
517.3 3799
518.1 1908
518.2 1793
518.6 1922
518.6 3588
520.3 1027
520.8 1159
520.8 3043
521.5 1303
521.7 3581
521.8 3039
522.5 538
522.5 2554
522.8 2551
524.6 3438
525.1 3507
525.2 3031
525.3 2060
525.5 2825
525.6 1909
526.2 1914
526.3 753
526.5 757
527.7 395
527.8 750
528.3 1024
528.6 1907
529.1 3427
529.7 1912
529.8 391
530.2 759
530.2 2827
530.8 3800
531.1 394
531.6 749
531.7 3431
532.1 2067
532.7 1911
532.8 1508
533.9 3309
534 3444
534.3 1157
534.5 1022
535.7 3436
536.1 2061
537.2 541
537.6 2272
537.7 2271
538 1507
538 2676
538.8 1918
538.8 2273
539.9 388
540.3 387
540.6 1145
540.6 1791
541.1 1301
541.2 1906
541.3 2545
543.3 1518
543.6 1793
543.9 1306
544.1 2679
544.3 754
544.3 1789
544.4 1028
545.3 1790
545.8 1149
546.1 262
546.7 2681
547.7 2671
547.8 3801
548 3036
548.1 3035
548.6 265
549.6 1156
549.9 3797
550.6 3428
550.7 1148
551.9 3587
552.1 3794
552.7 2268
552.8 2552
553.8 1521
553.9 1917
554.1 2282
554.5 1517
554.7 3314
555.5 2065
556 3589
557.4 384
557.4 3803
557.5 1792
558.1 261
558.1 3429
558.4 2064
558.6 545
558.8 3315
558.9 539
558.9 2279
560.1 751
560.2 267
560.9 2680
561 2281
562.3 390
563.2 3030
563.4 1511
564 270
564.2 1300
564.2 3804
564.8 3437
565.4 394
565.4 1510
568.1 3433
568.4 2826
569.2 3040
569.9 2673
570.1 1520
570.7 1147
571 389
571.6 3582
572.2 2544
572.8 3434
573.3 3798
574.1 1783
574.9 1786
575.3 3793
576.4 3442
576.6 2270
576.6 2546
576.8 537
576.8 3440
578.1 884
578.3 2683
579.1 3586
579.5 3588
580.1 1905
580.1 3029
581.4 398
581.4 1157
582.4 747
582.4 759
583.2 3795
583.9 2675
583.9 3312
584 2666
584.1 268
584.2 752
584.3 1784
584.4 2375
585.2 1023
585.5 2062
585.6 755
585.7 266
586 2827
586.4 393
587 1299
587 1791
587.2 1154
588.9 3313
589.9 1151
590.5 3430
591.3 396
592.3 3443
592.8 1911
594 2066
594.1 1508
594.7 753
595.7 1516
595.9 1921
596 1915
596.3 3432
596.5 1303
596.9 2672
597 3042
597.9 3032
597.9 3037
598.1 1918
598.2 3583
598.3 749
598.5 264
598.6 1155
598.8 1302
598.8 2060
598.9 1509
600.1 2678
600.2 397
600.2 2667
600.8 2670
601.2 544
601.2 2276
602.4 2828
604.1 538
604.4 3306
605.9 746
606.1 543
606.2 1515
606.2 2063
606.3 2821
606.5 1785
607.2 3033
607.4 262
608.1 400
608.1 750
608.3 2275
608.4 542
608.5 384
608.6 3043
608.9 2067
609.4 1029
609.4 1790
609.7 1511
609.8 3307
610.6 3305
611.1 3585
611.3 1031
611.5 2277
612.1 1152
612.9 383
613.5 1920
616.1 1149
616.4 3437
616.5 1306
616.7 2059
616.7 3308
617.5 2551
617.7 1514
617.7 3803
618.1 1025
619.5 269
619.6 2549
620 3791
620.1 1922
620.7 3799
621.4 3030
621.6 1304
622.1 1032
622.4 1507
622.6 268
624.1 1027
624.4 3797
625.2 2272
626 2677
626.3 1144
626.3 1305
626.3 2826
626.5 3438
626.8 2822
627 2823
627.8 3441
627.9 760
628.3 2282
628.6 392
628.8 2554
629.4 1161
630.7 3040
631.4 3435
631.5 391
632.4 2820
632.5 394
632.7 757
634.1 3031
634.6 758
634.6 1303
634.8 1913
635.6 3433
635.7 395
635.9 1159
635.9 1300
636.2 3427
636.2 3431
636.6 2827
637.8 1298
638 1519
639.1 540
639.4 386
640.2 1914
640.3 2679
642 388
642.9 538
643 1910
643.2 1155
643.5 1030
643.7 1518
643.8 264
644 3804
644.1 2672
644.6 1153
645.2 2281
645.8 3436
646.9 1023
647.1 2064
647.1 2273
647.7 1512
648.1 3035
648.8 2547
649.5 1029
650.3 3587
651.3 3428
652.3 1932
652.5 263
652.8 3430
654.1 756
654.2 2552
654.5 1145
654.9 1540
655 1912
655.7 389
656 1909
656.8 3036
657.4 387
657.6 3315
658.4 544
658.9 1024
659.8 3793
660.4 2279
660.4 3801
660.6 271
660.8 1911
661.1 1789
661.5 2671
662.2 1148
662.4 3307
662.5 2676
663.1 3312
663.3 3311
664.5 399
664.8 541
665.3 3583
665.4 261
665.6 1520
665.6 3305
666.1 1905
666.2 393
666.6 3313
667.5 3586
667.6 1916
667.8 2821
668.2 1299
668.3 3038
668.9 2553
669 760
669 3034
669.1 1156
669.1 2673
669.1 2680
669.3 1516
669.9 3032
670.8 1031
671.4 1515
671.7 3440
671.8 759
671.9 2551
672 1917
672.4 383
673 1022
673.6 1028
674.7 1783
675.2 1302
675.5 2067
675.7 754
675.7 3588
676.2 537
676.4 3794
677.5 1918
677.6 3033
677.8 2668
678.1 266
678.2 268
678.2 752
678.5 3790
679.1 1915
679.3 3432
679.9 385
680.2 2825
680.7 3438
681 539
681.4 3798
681.7 1790
683.4 3442
683.6 2677
683.7 2546
684 2675
684.1 1510
684.8 2061
684.9 543
685 3804
685.8 1791
686.6 3792
686.7 3431
687.2 2066
691.9 269
692 3042
692.5 3437
693.2 2271
693.6 2277
694.5 542
694.5 1144
694.6 3308
695 3314
695.1 3310
695.1 3582
695.4 1789
695.4 1907
696.1 270
696.2 1914
697.2 2276
698.3 1787
698.6 3803
699.7 1514
700 2822
700.3 1154
701 1509
701.6 1301
701.7 3585
702.1 1304
703 755
705.6 2275
705.7 1306
706.6 1305
709.3 1023
709.5 747
710.2 1146
711 388
711.1 1906
711.4 3435
711.8 1511
712.2 2823
713.6 2274
713.7 1517
713.9 2820
715 3444
715.6 1519
715.9 3429
716.7 1029
717.2 1793
717.6 1518
717.7 3030
718.1 2678
718.5 2667
720.5 3041
720.8 395
721 3589
721.3 1152
721.4 1032
721.4 1910
722.2 2683
722.5 1507
722.5 2405
722.5 3796
722.7 1157
722.8 1155
722.9 2670
723.2 1508
723.4 2672
723.9 2827
724.1 749
724.1 1905
724.2 3583
724.5 392
724.7 3800
725.5 753
725.9 2545
725.9 3427
725.9 3584
726.1 1145
726.8 3793
726.9 545
726.9 2551
727 1024
727.7 2272
727.7 3033
728.3 1030
728.8 1913
728.8 2549
729 1298
729.3 2679
729.5 393
729.5 3581
730.9 1917
731.3 3029
731.3 3442
731.4 264
731.7 3037
732 1159
732.6 262
732.6 2674
734.5 461
735.3 3311
735.9 400
737.1 2067
737.4 3443
737.7 2669
737.8 2279
737.9 1791
738 265
738 2280
739.1 2666
739.1 3588
739.2 1303
739.2 2821
739.3 2065
739.3 2550
739.4 1513
739.6 2675
740.5 2269
741.1 391
741.9 2547
742.2 1300
742.2 3310
742.4 3798
743.4 746
743.6 1299
744 2271
744.1 3797
744.9 2273
745.4 396
746.9 2670
747.3 383
747.4 2060
747.5 1510
747.8 3799
748 1514
748.7 3036
749.5 3433
751.8 2823
752.3 2064
752.5 756
753.7 1790
754.1 1918
754.4 2552
755.3 1784
755.4 544
755.6 2544
755.8 1511
755.9 3312
756 1150
756.5 3437
756.8 2554
756.9 2553
756.9 2825
757.2 3032
757.4 263
757.9 3040
758.3 2270
758.6 2677
759.8 3436
760.6 757
761.3 3438
762.3 1151
763.1 1792
764.6 3306
764.8 387
765.4 2826
765.8 1149
766.3 1912
768.7 1154
769.3 1148
769.4 1031
769.7 1183
770.2 542
770.5 388
770.6 543
770.8 1161
770.8 3801
772 540
772.3 3042
772.6 3791
773 3033
773.8 2822
773.9 3431
775.2 3315
775.2 3434
775.4 2682
775.7 1908
775.9 2282
776.2 3440
776.7 1155
776.8 3435
777.4 539
777.5 398
778 1172
778.3 2824
778.6 750
778.7 760
778.7 1911
779.3 3313
779.5 3803
780.3 1306
780.4 753
780.4 2281
781.4 1518
781.6 386
782 1025
782 2268
782.4 1027
782.4 1785
782.9 1509
783 2546
783.2 2820
783.3 2061
783.7 2828
785 3794
785.2 1147
785.2 3030
785.5 3043
785.7 1026
785.9 3307
787.1 3800
787.7 2059
788.3 2551
789.1 394
789.2 1915
789.4 1906
789.6 1783
789.9 3031
790.1 1512
790.2 545
790.7 3428
791.3 393
791.8 1510
791.8 1786
791.9 2827
792.2 1028
792.2 3582
792.3 2673
793.2 3804
793.9 1905
794 262
795.3 1914
796 2676
796.1 269
796.1 417
797.2 1303
797.9 1156
798.4 2669
799.1 2272
800.3 399
800.9 2678
801.1 3305
801.8 2067
802.1 392
802.3 2671
803.8 2666
804 1144
804.3 2554
804.5 3586
804.8 747
805 2278
805.2 1910
805.2 2274
806 3039
806.1 3313
807 1515
807.2 1153
807.3 751
807.3 1159
807.6 3438
807.6 3444
808.3 383
808.7 1145
808.7 3790
808.9 1793
809.2 1024
809.2 3430
810.3 2064
810.8 3587
811.5 3175
812.4 391
812.4 544
812.5 2548
812.6 265
813.1 3583
813.2 1521
813.3 2066
814.1 397
814.8 2279
815.1 271
815.4 3036
816.9 1032
817.6 2550
818.8 2275
819.2 267
819.3 757
820.4 3589
820.5 3584
820.6 1788
821.1 390
821.8 759
822.3 2668
822.4 1922
822.6 2822
822.7 1030
823.1 1913
823.3 1920
824.1 1791
825.2 3312
825.3 3427
825.9 2269
826.5 1520
826.9 538
826.9 1916
827.4 3796
827.6 389
827.9 3801
828 400
828.5 385
828.6 1023
829.4 2672
829.8 2681
831.1 3588
831.2 1302
831.9 3431
832.1 3032
832.4 1305
832.9 2670
833.5 270
834.7 1514
835.5 2679
835.9 384
835.9 2547
836.3 537
836.5 1508
836.5 3035
836.7 1510
837.4 1304
839.1 2277
839.8 755
839.8 3792
840.4 1789
840.8 756
841.7 2549
841.8 3432
842.3 2062
842.6 3800
842.7 3306
843.4 3033
843.5 1516
844.6 749
844.7 1155
845.2 1029
845.5 3031
845.9 3441
846 3793
846.4 1148
846.5 1915
846.9 3795
847.3 1158
847.9 2065
849.1 2677
849.2 1912
849.7 266
850 1905
850.3 1150
850.5 2063
850.9 263
851.1 2825
851.6 2271
851.7 754
851.8 2675
852.2 2276
852.6 2820
853 1152
853.9 1921
853.9 2828
854.4 2666
854.5 3042
855 269
855.5 1906
855.8 2827
856.2 1790
856.2 3799
857.2 545
857.2 750
857.8 1298
857.8 3798
857.9 2826
858.3 1909
858.3 2683
858.7 1157
859.3 1511
859.4 1146
860.1 1300
860.7 3585
860.7 3589
861.1 1785
861.1 2821
861.4 395
861.8 3429
861.9 1160
862 2059
862.7 394
862.9 1226
863 3437
863.1 2552
863.2 2551
863.4 392
863.5 1301
864.3 1022
864.3 3043
868 2823
868.3 3307
868.6 2822
868.7 396
868.8 3794
869 2546
870.4 1028
870.6 3582
871.3 3583
871.6 2272
872.8 264
873.5 261
874.2 2667
875.2 2676
875.4 388
875.4 2067
875.4 3439
877.1 3039
877.3 543
877.5 1517
877.8 387
879 3444
880.1 1518
880.5 3040
880.5 3586
881.1 542
881.2 3436
881.3 2671
881.6 390
881.6 1299
881.7 1144
881.8 3581
882.1 3440
882.1 3588
882.8 752
882.9 753
883.1 3311
883.4 1031
883.4 3305
883.7 1919
884.2 383
884.8 2281
886 747
887.7 268
887.9 1791
891.7 1515
892.4 2666
892.8 1032
893.4 544
895 2279
895.8 2677
896.1 3587
897.4 2060
897.8 3312
898.5 1157
898.5 2064
898.5 3030
898.7 1152
898.9 2275
899.3 1916
899.5 2673
899.6 760
899.9 3437
900.7 3032
900.9 2554
901.2 399
901.5 1918
901.9 1784
902.2 1145
902.4 1910
903.2 2825
903.3 3802
903.5 1030
904.3 1787
904.8 537
904.9 3791
905.3 3798
905.8 1510
906 1305
906.2 3801
907.6 3427
907.9 3799
908.1 3315
908.2 3037
908.4 538
908.9 2066
909 2278
909.2 539
909.5 3435
910.1 1148
910.1 1514
911.4 384
911.5 1184
911.8 2674
915.4 267
916.2 3041
916.3 2679
917 2821
917.1 2269
917.3 262
917.7 2271
918.1 1149
918.7 1512
918.9 1025
919.1 2274
919.8 540
920.1 2670
920.2 1785
921.1 2276
921.3 1793
922.2 1299
922.5 1520
922.6 2277
923 3313
924.3 1914
924.4 749
925.2 1303
925.5 756
925.9 2272
926 3031
927.4 1792
927.4 3029
928.5 1507
928.8 1920
929.1 396
929.5 3431
930.2 397
931.4 1155
931.7 3797
931.8 1022
931.8 2552
932 1788
932.8 1029
933.7 1915
935.8 1024
936.8 1026
937.9 1909
938 1511
938.1 3040
938.2 266
938.5 1913
939.2 3306
939.4 400
939.8 750
940.2 2545
942.4 3310
942.6 2828
942.7 3314
944.5 1031
945.5 3034
945.8 1911
946 1906
946.2 541
946.6 2547
948 1790
948.3 263
949 2061
949.2 1508
949.5 2544
949.7 271
949.7 2059
950.2 2549
950.3 2676
950.3 3439
951.5 3589
951.6 1514
951.6 2827
952 3800
952.3 3793
952.4 3308
952.6 2678
952.7 1028
954.3 2551
954.9 752
955 542
955.8 393
957.2 268
957.2 2064
957.8 3428
958.1 2067
958.4 3440
959.1 1151
960.4 753
961.1 2822
962.5 269
963.7 751
964.1 3582
964.5 1905
964.6 1791
964.8 3042
964.8 3438
965.5 394
966.1 754
966.1 3307
966.3 545
966.3 2546
966.4 1305
966.8 543
967 389
967.4 1918
968.1 3305
968.2 2675
968.4 3583
968.6 3803
968.7 2270
968.8 2550
969.7 3795
970.2 2279
970.4 2554
970.8 1516
971.3 3442
971.7 391
972.5 1510
973 3036
973.6 3433
973.9 1298
974.3 3444
975 261
976 3033
976.1 755
976.2 1148
976.5 537
976.5 1153
976.8 1784
977.6 383
977.6 1509
978.5 2677
978.7 3581
979.1 2672
979.4 2268
979.5 390
979.9 2060
980.3 759
981.3 757
981.7 3434
981.9 388
982 3039
982.1 1306
982.5 2679
983.4 1513
983.8 1029
984 3799
985.3 1300
985.4 392
986.2 1304
986.3 1154
986.6 1783
987.7 2671
988.1 1030
988.2 267
988.3 3586
988.7 1922
989.9 2275
990.7 1152
990.8 1521
991.4 1911
991.5 2066
992 3798
992.1 1149
992.2 386
993.1 3032
993.4 539
993.7 1160
994.3 1158
994.9 3313
995.6 3794
995.8 3801
996 264
996.2 2673
997.1 399
997.2 544
997.4 3312
997.5 3588
997.8 3804
999.7 753
